SolidWorks IGES file using analytic representation for surfaces         S      1
1H,,1H;,30HNose_Body_Assembly_4of4.SLDPRT,70HC:\Users\Developer\Desktop\G      1
OpenGlider V0.1\Nose_Body_Assembly_4of4.IGS,15HSolidWorks 2012,15HSolidWG      2
orks 2012,32,308,15,308,15,30HNose_Body_Assembly_4of4.SLDPRT,1.,1,2HIN, G      3
50,0.125,13H130708.004606,1E-008,19684.6456692913,9HDeveloper,,11,0,13H1G      4
30708.004606;                                                           G      5
     126       1       0       0       0                        00000000D      1
     126       0       0      37       0                               0D      2
     314      38       0       0       0                        00000200D      3
     314       0       8       1       0                               0D      4
     128      39       0       0       0                        01010000D      5
     128       0       0      26       0                               0D      6
     126      65       0       0       0                        01010500D      7
     126       0       0       2       0                               0D      8
     124      67       0       0       0                        00000000D      9
     124       0       0       4       0                               0D     10
     100      71       0       0       0               9        01010000D     11
     100       0       0       2       0                               0D     12
     126      73       0       0       0                        01010500D     13
     126       0       0       2       0                               0D     14
     124      75       0       0       0                        00000000D     15
     124       0       0       4       0                               0D     16
     100      79       0       0       0              15        01010000D     17
     100       0       0       2       0                               0D     18
     126      81       0       0       0                        01010500D     19
     126       0       0       2       0                               0D     20
     124      83       0       0       0                        00000000D     21
     124       0       0       4       0                               0D     22
     100      87       0       0       0              21        01010000D     23
     100       0       0       2       0                               0D     24
     126      89       0       0       0                        01010500D     25
     126       0       0       2       0                               0D     26
     124      91       0       0       0                        00000000D     27
     124       0       0       4       0                               0D     28
     100      95       0       0       0              27        01010000D     29
     100       0       0       2       0                               0D     30
     126      97       0       0       0                        01010500D     31
     126       0       0       2       0                               0D     32
     124      99       0       0       0                        00000000D     33
     124       0       0       4       0                               0D     34
     100     103       0       0       0              33        01010000D     35
     100       0       0       2       0                               0D     36
     102     105       0       0       0                        01010500D     37
     102       0       0       1       0                               0D     38
     102     106       0       0       0                        01010000D     39
     102       0       0       1       0                               0D     40
     142     107       0       0       0                        00010500D     41
     142       0       0       1       0                               0D     42
     144     108       0       0       0                        00000000D     43
     144       0      -3       1       0                               0D     44
     314     109       0       0       0                        00000200D     45
     314       0       3       1       0                               0D     46
     128     110       0       0       0                        01010000D     47
     128       0       0      26       0                               0D     48
     126     136       0       0       0                        01010500D     49
     126       0       0       2       0                               0D     50
     124     138       0       0       0                        00000000D     51
     124       0       0       4       0                               0D     52
     100     142       0       0       0              51        01010000D     53
     100       0       0       2       0                               0D     54
     126     144       0       0       0                        01010500D     55
     126       0       0       2       0                               0D     56
     124     146       0       0       0                        00000000D     57
     124       0       0       3       0                               0D     58
     100     149       0       0       0              57        01010000D     59
     100       0       0       2       0                               0D     60
     126     151       0       0       0                        01010500D     61
     126       0       0       2       0                               0D     62
     124     153       0       0       0                        00000000D     63
     124       0       0       4       0                               0D     64
     100     157       0       0       0              63        01010000D     65
     100       0       0       2       0                               0D     66
     126     159       0       0       0                        01010500D     67
     126       0       0       2       0                               0D     68
     124     161       0       0       0                        00000000D     69
     124       0       0       4       0                               0D     70
     100     165       0       0       0              69        01010000D     71
     100       0       0       2       0                               0D     72
     126     167       0       0       0                        01010500D     73
     126       0       0       2       0                               0D     74
     124     169       0       0       0                        00000000D     75
     124       0       0       4       0                               0D     76
     100     173       0       0       0              75        01010000D     77
     100       0       0       2       0                               0D     78
     102     175       0       0       0                        01010500D     79
     102       0       0       1       0                               0D     80
     102     176       0       0       0                        01010000D     81
     102       0       0       1       0                               0D     82
     142     177       0       0       0                        00010500D     83
     142       0       0       1       0                               0D     84
     144     178       0       0       0                        00000000D     85
     144       0     -45       1       0                               0D     86
     110     179       0       0       0                        01010000D     87
     110       0       0       2       0                               0D     88
     110     181       0       0       0                        01010000D     89
     110       0       0       2       0                               0D     90
     120     183       0       0       0                        01010000D     91
     120       0       0       1       0                               0D     92
     126     184       0       0       0                        01010500D     93
     126       0       0       2       0                               0D     94
     124     186       0       0       0                        00000000D     95
     124       0       0       4       0                               0D     96
     100     190       0       0       0              95        01010000D     97
     100       0       0       2       0                               0D     98
     126     192       0       0       0                        01010500D     99
     126       0       0       2       0                               0D    100
     110     194       0       0       0                        01010000D    101
     110       0       0       2       0                               0D    102
     126     196       0       0       0                        01010500D    103
     126       0       0       2       0                               0D    104
     124     198       0       0       0                        00000000D    105
     124       0       0       4       0                               0D    106
     100     202       0       0       0             105        01010000D    107
     100       0       0       2       0                               0D    108
     126     204       0       0       0                        01010500D    109
     126       0       0       2       0                               0D    110
     124     206       0       0       0                        00000000D    111
     124       0       0       4       0                               0D    112
     100     210       0       0       0             111        01010000D    113
     100       0       0       2       0                               0D    114
     126     212       0       0       0                        01010500D    115
     126       0       0       2       0                               0D    116
     110     214       0       0       0                        01010000D    117
     110       0       0       2       0                               0D    118
     126     216       0       0       0                        01010500D    119
     126       0       0       2       0                               0D    120
     124     218       0       0       0                        00000000D    121
     124       0       0       2       0                               0D    122
     100     220       0       0       0             121        01010000D    123
     100       0       0       2       0                               0D    124
     102     222       0       0       0                        01010500D    125
     102       0       0       1       0                               0D    126
     102     223       0       0       0                        01010000D    127
     102       0       0       1       0                               0D    128
     142     224       0       0       0                        00010500D    129
     142       0       0       1       0                               0D    130
     144     225       0       0       0                        00000000D    131
     144       0      -3       1       0                               0D    132
     314     226       0       0       0                        00000200D    133
     314       0       3       1       0                               0D    134
     110     227       0       0       0                        01010000D    135
     110       0       0       2       0                               0D    136
     110     229       0       0       0                        01010000D    137
     110       0       0       2       0                               0D    138
     120     231       0       0       0                        01010000D    139
     120       0       0       1       0                               0D    140
     126     232       0       0       0                        01010500D    141
     126       0       0       2       0                               0D    142
     110     234       0       0       0                        01010000D    143
     110       0       0       2       0                               0D    144
     126     236       0       0       0                        01010500D    145
     126       0       0       2       0                               0D    146
     124     238       0       0       0                        00000000D    147
     124       0       0       5       0                               0D    148
     100     243       0       0       0             147        01010000D    149
     100       0       0       2       0                               0D    150
     126     245       0       0       0                        01010500D    151
     126       0       0       2       0                               0D    152
     110     247       0       0       0                        01010000D    153
     110       0       0       2       0                               0D    154
     126     249       0       0       0                        01010500D    155
     126       0       0       2       0                               0D    156
     124     251       0       0       0                        00000000D    157
     124       0       0       4       0                               0D    158
     100     255       0       0       0             157        01010000D    159
     100       0       0       2       0                               0D    160
     102     257       0       0       0                        01010500D    161
     102       0       0       1       0                               0D    162
     102     258       0       0       0                        01010000D    163
     102       0       0       1       0                               0D    164
     142     259       0       0       0                        00010500D    165
     142       0       0       1       0                               0D    166
     144     260       0       0       0                        00000000D    167
     144       0    -133       1       0                               0D    168
     314     261       0       0       0                        00000200D    169
     314       0       3       1       0                               0D    170
     110     262       0       0       0                        01010000D    171
     110       0       0       2       0                               0D    172
     110     264       0       0       0                        01010000D    173
     110       0       0       2       0                               0D    174
     120     266       0       0       0                        01010000D    175
     120       0       0       1       0                               0D    176
     126     267       0       0       0                        01010500D    177
     126       0       0       2       0                               0D    178
     124     269       0       0       0                        00000000D    179
     124       0       0       4       0                               0D    180
     100     273       0       0       0             179        01010000D    181
     100       0       0       2       0                               0D    182
     126     275       0       0       0                        01010500D    183
     126       0       0       2       0                               0D    184
     110     277       0       0       0                        01010000D    185
     110       0       0       2       0                               0D    186
     126     279       0       0       0                        01010500D    187
     126       0       0       2       0                               0D    188
     124     281       0       0       0                        00000000D    189
     124       0       0       4       0                               0D    190
     100     285       0       0       0             189        01010000D    191
     100       0       0       2       0                               0D    192
     126     287       0       0       0                        01010500D    193
     126       0       0       2       0                               0D    194
     110     289       0       0       0                        01010000D    195
     110       0       0       2       0                               0D    196
     102     291       0       0       0                        01010500D    197
     102       0       0       1       0                               0D    198
     102     292       0       0       0                        01010000D    199
     102       0       0       1       0                               0D    200
     142     293       0       0       0                        00010500D    201
     142       0       0       1       0                               0D    202
     144     294       0       0       0                        00000000D    203
     144       0    -169       1       0                               0D    204
     110     295       0       0       0                        01010000D    205
     110       0       0       2       0                               0D    206
     110     297       0       0       0                        01010000D    207
     110       0       0       2       0                               0D    208
     120     299       0       0       0                        01010000D    209
     120       0       0       1       0                               0D    210
     126     300       0       0       0                        01010500D    211
     126       0       0       2       0                               0D    212
     110     302       0       0       0                        01010000D    213
     110       0       0       2       0                               0D    214
     126     304       0       0       0                        01010500D    215
     126       0       0       2       0                               0D    216
     124     306       0       0       0                        00000000D    217
     124       0       0       4       0                               0D    218
     100     310       0       0       0             217        01010000D    219
     100       0       0       2       0                               0D    220
     126     312       0       0       0                        01010500D    221
     126       0       0       2       0                               0D    222
     124     314       0       0       0                        00000000D    223
     124       0       0       4       0                               0D    224
     100     318       0       0       0             223        01010000D    225
     100       0       0       2       0                               0D    226
     126     320       0       0       0                        01010500D    227
     126       0       0       2       0                               0D    228
     110     322       0       0       0                        01010000D    229
     110       0       0       2       0                               0D    230
     126     324       0       0       0                        01010500D    231
     126       0       0       2       0                               0D    232
     124     326       0       0       0                        00000000D    233
     124       0       0       4       0                               0D    234
     100     330       0       0       0             233        01010000D    235
     100       0       0       2       0                               0D    236
     126     332       0       0       0                        01010500D    237
     126       0       0       2       0                               0D    238
     124     334       0       0       0                        00000000D    239
     124       0       0       4       0                               0D    240
     100     338       0       0       0             239        01010000D    241
     100       0       0       2       0                               0D    242
     102     340       0       0       0                        01010500D    243
     102       0       0       1       0                               0D    244
     102     341       0       0       0                        01010000D    245
     102       0       0       1       0                               0D    246
     142     342       0       0       0                        00010500D    247
     142       0       0       1       0                               0D    248
     144     343       0       0       0                        00000000D    249
     144       0      -3       1       0                               0D    250
     314     344       0       0       0                        00000200D    251
     314       0       3       1       0                               0D    252
     128     345       0       0       0                        01010000D    253
     128       0       0       4       0                               0D    254
     126     349       0       0       0                        01010500D    255
     126       0       0      22       0                               0D    256
     124     371       0       0       0                        00000000D    257
     124       0       0       4       0                               0D    258
     100     375       0       0       0             257        01010000D    259
     100       0       0       2       0                               0D    260
     126     377       0       0       0                        01010500D    261
     126       0       0      22       0                               0D    262
     124     399       0       0       0                        00000000D    263
     124       0       0       4       0                               0D    264
     100     403       0       0       0             263        01010000D    265
     100       0       0       2       0                               0D    266
     102     405       0       0       0                        01010500D    267
     102       0       0       1       0                               0D    268
     102     406       0       0       0                        01010000D    269
     102       0       0       1       0                               0D    270
     142     407       0       0       0                        00010500D    271
     142       0       0       1       0                               0D    272
     126     408       0       0       0                        01010500D    273
     126       0       0      22       0                               0D    274
     124     430       0       0       0                        00000000D    275
     124       0       0       4       0                               0D    276
     100     434       0       0       0             275        01010000D    277
     100       0       0       2       0                               0D    278
     126     436       0       0       0                        01010500D    279
     126       0       0      22       0                               0D    280
     124     458       0       0       0                        00000000D    281
     124       0       0       4       0                               0D    282
     100     462       0       0       0             281        01010000D    283
     100       0       0       2       0                               0D    284
     102     464       0       0       0                        01010500D    285
     102       0       0       1       0                               0D    286
     102     465       0       0       0                        01010000D    287
     102       0       0       1       0                               0D    288
     142     466       0       0       0                        00010500D    289
     142       0       0       1       0                               0D    290
     144     467       0       0       0                        00000000D    291
     144       0    -251       1       0                               0D    292
     314     468       0       0       0                        00000200D    293
     314       0       3       1       0                               0D    294
     128     469       0       0       0                        01010000D    295
     128       0       0      26       0                               0D    296
     126     495       0       0       0                        01010500D    297
     126       0       0       2       0                               0D    298
     124     497       0       0       0                        00000000D    299
     124       0       0       4       0                               0D    300
     100     501       0       0       0             299        01010000D    301
     100       0       0       2       0                               0D    302
     126     503       0       0       0                        01010500D    303
     126       0       0       2       0                               0D    304
     124     505       0       0       0                        00000000D    305
     124       0       0       4       0                               0D    306
     100     509       0       0       0             305        01010000D    307
     100       0       0       2       0                               0D    308
     126     511       0       0       0                        01010500D    309
     126       0       0       2       0                               0D    310
     124     513       0       0       0                        00000000D    311
     124       0       0       2       0                               0D    312
     100     515       0       0       0             311        01010000D    313
     100       0       0       2       0                               0D    314
     126     517       0       0       0                        01010500D    315
     126       0       0       2       0                               0D    316
     124     519       0       0       0                        00000000D    317
     124       0       0       3       0                               0D    318
     100     522       0       0       0             317        01010000D    319
     100       0       0       2       0                               0D    320
     126     524       0       0       0                        01010500D    321
     126       0       0       2       0                               0D    322
     124     526       0       0       0                        00000000D    323
     124       0       0       4       0                               0D    324
     100     530       0       0       0             323        01010000D    325
     100       0       0       2       0                               0D    326
     102     532       0       0       0                        01010500D    327
     102       0       0       1       0                               0D    328
     102     533       0       0       0                        01010000D    329
     102       0       0       1       0                               0D    330
     142     534       0       0       0                        00010500D    331
     142       0       0       1       0                               0D    332
     144     535       0       0       0                        00000000D    333
     144       0    -293       1       0                               0D    334
     128     536       0       0       0                        01010000D    335
     128       0       0       4       0                               0D    336
     126     540       0       0       0                        01010500D    337
     126       0       0      22       0                               0D    338
     124     562       0       0       0                        00000000D    339
     124       0       0       4       0                               0D    340
     100     566       0       0       0             339        01010000D    341
     100       0       0       2       0                               0D    342
     126     568       0       0       0                        01010500D    343
     126       0       0      22       0                               0D    344
     124     590       0       0       0                        00000000D    345
     124       0       0       4       0                               0D    346
     100     594       0       0       0             345        01010000D    347
     100       0       0       2       0                               0D    348
     102     596       0       0       0                        01010500D    349
     102       0       0       1       0                               0D    350
     102     597       0       0       0                        01010000D    351
     102       0       0       1       0                               0D    352
     142     598       0       0       0                        00010500D    353
     142       0       0       1       0                               0D    354
     144     599       0       0       0                        00000000D    355
     144       0      -3       1       0                               0D    356
     128     600       0       0       0                        01010000D    357
     128       0       0      27       0                               0D    358
     126     627       0       0       0                        01010500D    359
     126       0       0       2       0                               0D    360
     124     629       0       0       0                        00000000D    361
     124       0       0       4       0                               0D    362
     100     633       0       0       0             361        01010000D    363
     100       0       0       2       0                               0D    364
     126     635       0       0       0                        01010500D    365
     126       0       0       2       0                               0D    366
     124     637       0       0       0                        00000000D    367
     124       0       0       4       0                               0D    368
     100     641       0       0       0             367        01010000D    369
     100       0       0       2       0                               0D    370
     126     643       0       0       0                        01010500D    371
     126       0       0       2       0                               0D    372
     124     645       0       0       0                        00000000D    373
     124       0       0       4       0                               0D    374
     100     649       0       0       0             373        01010000D    375
     100       0       0       2       0                               0D    376
     126     651       0       0       0                        01010500D    377
     126       0       0       2       0                               0D    378
     124     653       0       0       0                        00000000D    379
     124       0       0       4       0                               0D    380
     100     657       0       0       0             379        01010000D    381
     100       0       0       2       0                               0D    382
     126     659       0       0       0                        01010500D    383
     126       0       0       2       0                               0D    384
     124     661       0       0       0                        00000000D    385
     124       0       0       4       0                               0D    386
     100     665       0       0       0             385        01010000D    387
     100       0       0       2       0                               0D    388
     102     667       0       0       0                        01010500D    389
     102       0       0       1       0                               0D    390
     102     668       0       0       0                        01010000D    391
     102       0       0       1       0                               0D    392
     142     669       0       0       0                        00010500D    393
     142       0       0       1       0                               0D    394
     144     670       0       0       0                        00000000D    395
     144       0      -3       1       0                               0D    396
     128     671       0       0       0                        01010000D    397
     128       0       0       4       0                               0D    398
     126     675       0       0       0                        01010500D    399
     126       0       0      22       0                               0D    400
     124     697       0       0       0                        00000000D    401
     124       0       0       4       0                               0D    402
     100     701       0       0       0             401        01010000D    403
     100       0       0       2       0                               0D    404
     126     703       0       0       0                        01010500D    405
     126       0       0      22       0                               0D    406
     124     725       0       0       0                        00000000D    407
     124       0       0       4       0                               0D    408
     100     729       0       0       0             407        01010000D    409
     100       0       0       2       0                               0D    410
     102     731       0       0       0                        01010500D    411
     102       0       0       1       0                               0D    412
     102     732       0       0       0                        01010000D    413
     102       0       0       1       0                               0D    414
     142     733       0       0       0                        00010500D    415
     142       0       0       1       0                               0D    416
     144     734       0       0       0                        00000000D    417
     144       0      -3       1       0                               0D    418
126,42,3,1,0,1,0,0.,0.,0.,0.,0.00310453352011729,                      1P      1
0.00634511434854631,0.00977270927688342,0.0133820520353323,            1P      2
0.021224862461033,0.0396535896373781,0.0624925062473104,               1P      3
0.0758845302897096,0.107359928174415,0.125802579715106,                1P      4
0.146324491837489,0.168844793110859,0.191660443288676,                 1P      5
0.214468291328138,0.248695899468375,0.282915822023172,                 1P      6
0.317146460895943,0.351369836868277,0.419810568816983,                 1P      7
0.454039139430024,0.488260999748035,0.522483921996497,                 1P      8
0.556713166875939,0.590941529277243,0.625160734624951,                 1P      9
0.647976992971929,0.670784145703293,0.693598132641838,                 1P     10
0.705003859946885,0.71640459984589,0.727813864610545,                  1P     11
0.750632346567315,0.784862628329498,0.819095480101795,                 1P     12
0.853324708434981,0.887544702709661,0.921748375456662,                 1P     13
0.955953614337518,0.97877027605306,1.,1.,1.,1.,1.,1.,1.,1.,1.,         1P     14
1.,1.,1.,1.,1.,1.,1.,1.,1.,1.,1.,1.,1.,1.,1.,1.,1.,1.,1.,1.,1.,        1P     15
1.,1.,1.,1.,1.,1.,1.,1.,1.,1.,1.,1.,1.,1.,1.,1.,1.,0.00019,            1P     16
0.00155,0.,0.00037643,0.00260259,0.,0.00075746,0.004753898,0.,         1P     17
0.002185268,0.007824322,0.,0.004157063,0.010755988,0.,                 1P     18
0.007527021,0.014607007,0.,0.015391702,0.021254403,0.,                 1P     19
0.030090551,0.029674631,0.,0.047309916,0.037130256,0.,                 1P     20
0.069081616,0.045242331,0.,0.089808475,0.051786867,0.,                 1P     21
0.113099484,0.058237571,0.,0.133556441,0.06339516,0.,                  1P     22
0.155592568,0.068397752,0.,0.178492596,0.073115193,0.,                 1P     23
0.20543037,0.078113087,0.,0.236336306,0.083141184,0.,                  1P     24
0.271237384,0.087949156,0.,0.306234602,0.091984777,0.,                 1P     25
0.352999598,0.096365264,0.,0.399877742,0.099421634,0.,                 1P     26
0.44680485,0.101351357,0.,0.482018983,0.102310115,0.,                  1P     27
0.517241634,0.102848209,0.,0.552469728,0.103097224,0.,                 1P     28
0.587696364,0.103122901,0.,0.619010037,0.103130245,0.,                 1P     29
0.64639516,0.102276566,0.,0.669818738,0.100486408,0.,                  1P     30
0.68920488,0.097711394,0.,0.704554204,0.094632854,0.,                  1P     31
0.71597106,0.091888932,0.,0.731050182,0.087672321,0.,                  1P     32
0.753319152,0.080145938,0.,0.78224275,0.068104344,0.,                  1P     33
0.814650349,0.054289366,0.,0.84746566,0.041442293,0.,                  1P     34
0.880999635,0.03057111,0.,0.915395502,0.022764522,0.,                  1P     35
0.946529796,0.019054555,0.,0.973363626,0.017926273,0.,                 1P     36
0.988476036,0.017874806,0.,0.99576,0.01785,0.,0.,1.,0.,0.,1.;          1P     37
314,100.,100.,100.,;                                                   3P     38
128,6,3,3,3,0,0,0,0,0,0.,0.,0.,0.,0.5,0.5,0.5,1.,1.,1.,1.,0.,          5P     39
0.,0.,0.,1.,1.,1.,1.,1.,0.780588314885162,0.780588314885162,1.,        5P     40
0.780588314885162,0.780588314885162,1.,0.333333333333333,              5P     41
0.260196104961721,0.260196104961721,0.333333333333333,                 5P     42
0.260196104961721,0.260196104961721,0.333333333333333,                 5P     43
0.333333333333333,0.260196104961721,0.260196104961721,                 5P     44
0.333333333333333,0.260196104961721,0.260196104961721,                 5P     45
0.333333333333333,1.,0.780588314885162,0.780588314885162,1.,           5P     46
0.780588314885162,0.780588314885162,1.,-3.812249025,                   5P     47
0.791155755,1.014177811,-3.809759725,0.808699057,0.996634509,          5P     48
-3.826487873,0.821773852,0.983559714,-3.851422418,0.821773852,         5P     49
0.983559714,-3.876356962,0.821773852,0.983559714,-3.893085111,         5P     50
0.808699057,0.996634509,-3.89059581,0.791155755,1.014177811,           5P     51
-3.812249025,1.315927346,1.538949402,-3.809759725,1.368557251,         5P     52
1.556492704,-3.826487873,1.407781637,1.569567499,-3.851422418,         5P     53
1.407781637,1.569567499,-3.876356962,1.407781637,1.569567499,          5P     54
-3.893085111,1.368557251,1.556492704,-3.89059581,1.315927346,          5P     55
1.538949402,-3.812249025,0.791155755,2.063720993,-3.809759725,         5P     56
0.808699057,2.116350899,-3.826487873,0.821773852,2.155575285,          5P     57
-3.851422418,0.821773852,2.155575285,-3.876356962,0.821773852,         5P     58
2.155575285,-3.893085111,0.808699057,2.116350899,-3.89059581,          5P     59
0.791155755,2.063720993,-3.812249025,0.266384164,1.538949402,          5P     60
-3.809759725,0.248840862,1.556492704,-3.826487873,0.235766067,         5P     61
1.569567499,-3.851422418,0.235766067,1.569567499,-3.876356962,         5P     62
0.235766067,1.569567499,-3.893085111,0.248840862,1.556492704,          5P     63
-3.89059581,0.266384164,1.538949402,0.,1.,0.,1.;                       5P     64
126,1,1,1,0,1,0,0.,0.,1.,1.,1.,1.,0.966992407,0.707106781,0.,          7P     65
0.966992407,1.,0.,0.,1.,0.,0.,1.;                                      7P     66
124,-6.12323399573677E-017,-1.48684055551949E-016,1.,                  9P     67
-5.16735610322218,-2.62193756372134E-017,-1.,                          9P     68
-1.48684055551949E-016,1.05753991838674,1.,                            9P     69
-2.62193756372135E-017,6.12323399573677E-017,5.16735610322218;         9P     70
100,1.276563607,-3.890792496,0.528769959,-3.515792496,                11P     71
0.528769959,-3.625627453,0.793935002;                                 11P     72
126,1,1,1,0,1,0,0.,0.,1.,1.,1.,1.,0.966992407,1.,0.,                  13P     73
0.033007593,1.,0.,0.,1.,0.,0.,1.;                                     13P     74
124,-1.,-9.6954528999291E-017,6.15869523182509E-017,                  15P     75
-7.70284483524036,1.12105756538994E-016,-0.707106781186554,           15P     76
0.707106781186541,-0.640165042946176,-2.50086533052977E-017,          15P     77
0.707106781186541,0.707106781186554,0.265165042945458;                15P     78
100,1.54172865,-3.851422418,0.263604916,-3.812052339,                 17P     79
0.263604916,-3.890792496,0.263604916;                                 17P     80
126,1,1,1,0,1,0,0.,0.,1.,1.,1.,1.,0.033007593,1.,0.,                  19P     81
0.033007593,0.,0.,0.,1.,0.,0.,1.;                                     19P     82
124,-5.02454661659318E-015,-4.93744951335943E-015,-1.,                21P     83
-2.5354887320182,-0.707106781186543,0.707106781186552,                21P     84
6.15869523182521E-017,-2.54065492370008,0.707106781186552,            21P     85
0.707106781186543,-7.04419501764363E-015,3.5981948420886;             21P     86
100,1.276563607,-3.812052339,0.528769959,-3.437052339,                23P     87
0.528769959,-4.187052339,0.528769959;                                 23P     88
126,1,1,1,0,1,0,0.,0.,1.,1.,1.,1.,0.033007593,0.,0.,                  25P     89
0.966992407,0.,0.,0.,1.,0.,0.,1.;                                     25P     90
124,1.,-1.3991435506288E-014,6.15869523182509E-017,                   27P     91
1.10906051574027E-014,9.8498903734137E-015,0.707106781186554,         27P     92
0.707106781186541,-0.482628604722967,-9.93698747664723E-015,          27P     93
-0.707106781186541,0.707106781186554,0.857628604722238;               27P     94
100,1.011398564,-3.851422418,0.793935002,-3.812052339,                29P     95
0.793935002,-3.890792496,0.793935002;                                 29P     96
126,1,1,1,0,1,0,0.,0.,1.,1.,1.,1.,0.966992407,0.,0.,                  31P     97
0.966992407,0.707106781,0.,0.,1.,0.,0.,1.;                            31P     98
124,1.48433306746876E-016,6.18377011233244E-017,1.,                   33P     99
-5.16735610322218,0.707106781186554,0.707106781186541,                33P    100
-1.48684055551949E-016,2.90607889372616,-0.707106781186541,           33P    101
0.707106781186554,6.12323399573677E-017,-1.84853897533764;            33P    102
100,1.276563607,-3.890792496,0.528769959,-3.515792496,                35P    103
0.528769959,-4.155957539,0.793935002;                                 35P    104
102,5,7,13,19,25,31;                                                  37P    105
102,5,11,17,23,29,35;                                                 39P    106
142,1,5,37,39,1;                                                      41P    107
144,5,1,0,41;                                                         43P    108
314,25.0980392156863,25.0980392156863,25.0980392156863,;              45P    109
128,6,3,3,3,0,0,0,0,0,0.,0.,0.,0.,0.5,0.5,0.5,1.,1.,1.,1.,0.,         47P    110
0.,0.,0.,1.,1.,1.,1.,1.,0.780588314885161,0.780588314885161,1.,       47P    111
0.780588314885161,0.780588314885161,1.,0.333333333333334,             47P    112
0.260196104961721,0.260196104961721,0.333333333333334,                47P    113
0.260196104961721,0.260196104961721,0.333333333333334,                47P    114
0.333333333333334,0.260196104961721,0.260196104961721,                47P    115
0.333333333333334,0.260196104961721,0.260196104961721,                47P    116
0.333333333333334,1.,0.780588314885161,0.780588314885161,1.,          47P    117
0.780588314885161,0.780588314885161,1.,-4.561855652,                  47P    118
0.791155755,1.014177811,-4.564344953,0.808699057,0.996634509,         47P    119
-4.547616804,0.821773852,0.983559714,-4.52268226,0.821773852,         47P    120
0.983559714,-4.497747716,0.821773852,0.983559714,-4.481019567,        47P    121
0.808699057,0.996634509,-4.483508868,0.791155755,1.014177811,         47P    122
-4.561855652,0.266384164,0.48940622,-4.564344953,0.248840862,         47P    123
0.436776315,-4.547616804,0.235766067,0.397551929,-4.52268226,         47P    124
0.235766067,0.397551929,-4.497747716,0.235766067,0.397551929,         47P    125
-4.481019567,0.248840862,0.436776315,-4.483508868,0.266384164,        47P    126
0.48940622,-4.561855652,-0.258387427,1.014177811,-4.564344953,        47P    127
-0.311017333,0.996634509,-4.547616804,-0.350241719,0.983559714,       47P    128
-4.52268226,-0.350241719,0.983559714,-4.497747716,-0.350241719,       47P    129
0.983559714,-4.481019567,-0.311017333,0.996634509,-4.483508868,       47P    130
-0.258387427,1.014177811,-4.561855652,0.266384164,1.538949402,        47P    131
-4.564344953,0.248840862,1.556492704,-4.547616804,0.235766067,        47P    132
1.569567499,-4.52268226,0.235766067,1.569567499,-4.497747716,         47P    133
0.235766067,1.569567499,-4.481019567,0.248840862,1.556492704,         47P    134
-4.483508868,0.266384164,1.538949402,0.,1.,0.,1.;                     47P    135
126,1,1,1,0,1,0,0.,0.,1.,1.,1.,1.,0.966992407,0.292893219,0.,         49P    136
0.966992407,1.,0.,0.,1.,0.,0.,1.;                                     49P    137
124,-6.12323399573677E-017,-7.49879891330929E-033,-1.,                51P    138
-3.20674857453787,1.22464679914735E-016,-1.,0.,                       51P    139
1.05753991838674,-1.,-1.22464679914735E-016,                          51P    140
6.12323399573677E-017,-3.20674857453787;                              51P    141
100,1.276563607,-4.483312181,0.528769959,-4.108312181,                53P    142
0.528769959,-4.748477224,0.793935002;                                 53P    143
126,1,1,1,0,1,0,0.,0.,1.,1.,1.,1.,0.966992407,1.,0.,                  55P    144
0.033007593,1.,0.,0.,1.,0.,0.,1.;                                     55P    145
124,1.,0.,0.,0.,0.,-0.707106781186559,-0.707106781186536,             57P    146
1.54016852310972,0.,0.707106781186536,-0.707106781186559,             57P    147
2.44549860900141;                                                     57P    148
100,1.54172865,-4.52268226,0.263604916,-4.483312181,                  59P    149
0.263604916,-4.562052339,0.263604916;                                 59P    150
126,1,1,1,0,1,0,0.,0.,1.,1.,1.,1.,0.033007593,1.,0.,                  61P    151
0.033007593,0.,0.,0.,1.,0.,0.,1.;                                     61P    152
124,-4.32978028117737E-017,4.32978028117756E-017,1.,                  63P    153
-5.83861594574186,-0.707106781186563,-0.707106781186532,0.,           63P    154
-2.32319136192336,0.707106781186532,-0.707106781186563,               63P    155
6.12323399573677E-017,4.87631857564515;                               63P    156
100,1.276563607,-4.562052339,0.528769959,-4.187052339,                65P    157
0.528769959,-4.937052339,0.528769959;                                 65P    158
126,1,1,1,0,1,0,0.,0.,1.,1.,1.,1.,0.033007593,0.,0.,                  67P    159
0.966992407,0.,0.,0.,1.,0.,0.,1.;                                     67P    160
124,-1.,-1.22464679914735E-016,0.,-9.04536452027973,                  69P    161
-8.65956056235507E-017,0.707106781186559,-0.707106781186536,          69P    162
0.947704961332905,8.6595605623548E-017,-0.707106781186536,            69P    163
-0.707106781186559,2.28796217077822;                                  69P    164
100,1.011398564,-4.52268226,0.793935002,-4.483312181,                 71P    165
0.793935002,-4.562052339,0.793935002;                                 71P    166
126,1,1,1,0,1,0,0.,0.,1.,1.,1.,1.,0.966992407,0.,0.,                  73P    167
0.966992407,0.292893219,0.,0.,1.,0.,0.,1.;                            73P    168
124,-4.32978028117743E-017,-4.32978028117751E-017,-1.,                75P    169
-3.20674857453787,0.707106781186554,-0.707106781186541,0.,            75P    170
4.07284722867075,-0.707106781186541,-0.707106781186554,               75P    171
6.12323399573677E-017,-1.51972001494875;                              75P    172
100,1.276563607,-4.483312181,0.528769959,-4.108312181,                77P    173
0.528769959,-4.218147138,0.793935002;                                 77P    174
102,5,49,55,61,67,73;                                                 79P    175
102,5,53,59,65,71,77;                                                 81P    176
142,1,47,79,81,1;                                                     83P    177
144,47,1,0,83;                                                        85P    178
110,-4.562052339,0.528769959,1.276563607,34.808026401,                87P    179
0.528769959,1.276563607;                                              87P    180
110,-4.483312181,0.528769959,0.901563607,-3.890792496,                89P    181
0.528769959,0.901563607;                                              89P    182
120,87,89,0.,6.28318530717959;                                        91P    183
126,1,1,1,0,1,0,0.,0.,1.,1.,1.,1.,0.,0.785398163,0.,0.,               93P    184
3.141592654,0.,0.,1.,0.,0.,1.;                                        93P    185
124,4.32978028117743E-017,-4.3297802811775E-017,1.,                   95P    186
-5.75987578826155,0.707106781186553,0.707106781186542,0.,             95P    187
3.32505358100402,-0.707106781186542,0.707106781186553,                95P    188
6.12323399573677E-017,-2.26751366261549;                              95P    189
100,1.276563607,-4.483312181,0.528769959,-4.108312181,                97P    190
0.528769959,-4.748477224,0.793935002;                                 97P    191
126,1,1,1,0,1,0,0.,0.,1.,1.,1.,1.,0.,3.141592654,0.,1.,               99P    192
3.141592654,0.,0.,1.,0.,0.,1.;                                        99P    193
110,-4.483312181,0.528769959,1.651563607,-3.890792496,               101P    194
0.528769959,1.651563607;                                             101P    195
126,1,1,1,0,1,0,0.,0.,1.,1.,1.,1.,1.,3.141592654,0.,1.,              103P    196
0.785398163,0.,0.,1.,0.,0.,1.;                                       103P    197
124,-7.04419501764363E-015,1.4868405555195E-016,-1.,                 105P    198
-2.61422888949852,1.4868405555195E-016,1.,                           105P    199
1.48684055551949E-016,4.05739417082227E-016,1.,                      105P    200
-1.48684055551949E-016,-7.04419501764363E-015,5.16735610322218;      105P    201
100,1.276563607,-3.890792496,0.528769959,-3.515792496,               107P    202
0.528769959,-4.155957539,0.793935002;                                107P    203
126,1,1,1,0,1,0,0.,0.,1.,1.,1.,1.,1.,0.785398163,0.,1.,0.,0.,        109P    204
0.,1.,0.,0.,1.;                                                      109P    205
124,5.08613356891136E-015,4.87586256104125E-015,-1.,                 111P    206
-2.61422888949848,0.707106781186553,-0.707106781186542,              111P    207
1.48684055551949E-016,3.65387254139288,-0.707106781186542,           111P    208
-0.707106781186553,-7.04419501764363E-015,-1.10074532767089;         111P    209
100,1.276563607,-3.890792496,0.528769959,-3.515792496,               113P    210
0.528769959,-3.625627453,0.793935002;                                113P    211
126,1,1,1,0,1,0,0.,0.,1.,1.,1.,1.,1.,0.,0.,0.,0.,0.,0.,1.,0.,        115P    212
0.,1.;                                                               115P    213
110,-3.890792496,0.528769959,0.901563607,-4.483312181,               117P    214
0.528769959,0.901563607;                                             117P    215
126,1,1,1,0,1,0,0.,0.,1.,1.,1.,1.,0.,0.,0.,0.,0.785398163,0.,        119P    216
0.,1.,0.,0.,1.;                                                      119P    217
124,6.12323399573677E-017,0.,1.,-5.75987578826155,0.,1.,0.,0.,       121P    218
-1.,0.,6.12323399573677E-017,-3.20674857453787;                      121P    219
100,1.276563607,-4.483312181,0.528769959,-4.108312181,               123P    220
0.528769959,-4.218147138,0.793935002;                                123P    221
102,6,93,99,103,109,115,119;                                         125P    222
102,6,97,101,107,113,117,123;                                        127P    223
142,1,91,125,127,1;                                                  129P    224
144,91,1,0,129;                                                      131P    225
314,25.0980392156863,25.0980392156863,25.0980392156863,;             133P    226
110,-4.562052339,0.528769959,1.276563607,34.808026401,               135P    227
0.528769959,1.276563607;                                             135P    228
110,-4.562052339,0.528769959,0.980303764,-3.890792496,               137P    229
0.528769959,0.980303764;                                             137P    230
120,135,137,0.,6.28318530717959;                                     139P    231
126,1,1,1,0,1,0,0.,0.,1.,1.,1.,1.,0.,6.283185307,0.,1.,              141P    232
6.283185307,0.,0.,1.,0.,0.,1.;                                       141P    233
110,-4.562052339,0.528769959,0.980303764,-3.890792496,               143P    234
0.528769959,0.980303764;                                             143P    235
126,1,1,1,0,1,0,0.,0.,1.,1.,1.,1.,1.,6.283185307,0.,1.,              145P    236
3.141592654,0.,0.,1.,0.,0.,1.;                                       145P    237
124,7.04419501764363E-015,-6.15869523182516E-017,-1.,                147P    238
-2.61422888949854,6.08777275964828E-017,-1.,                         147P    239
6.15869523182521E-017,1.05753991838663,-1.,                          147P    240
-6.08777275964833E-017,-7.04419501764363E-015,                       147P    241
-2.61422888949856;                                                   147P    242
100,1.276563607,-3.890792496,0.528769959,-3.594532654,               149P    243
0.528769959,-4.187052339,0.528769959;                                149P    244
126,1,1,1,0,1,0,0.,0.,1.,1.,1.,1.,1.,3.141592654,0.,0.,              151P    245
3.141592654,0.,0.,1.,0.,0.,1.;                                       151P    246
110,-3.890792496,0.528769959,1.572823449,-4.562052339,               153P    247
0.528769959,1.572823449;                                             153P    248
126,1,1,1,0,1,0,0.,0.,1.,1.,1.,1.,0.,3.141592654,0.,0.,              155P    249
6.283185307,0.,0.,1.,0.,0.,1.;                                       155P    250
124,7.04419501764363E-015,-6.15869523183008E-017,1.,                 157P    251
-5.83861594574183,-7.04454963000452E-015,-1.,                        157P    252
-6.15869523182512E-017,1.05753991838671,1.,                          157P    253
-7.04454963000452E-015,-7.04419501764363E-015,5.83861594574187;      157P    254
100,1.276563607,-4.562052339,0.528769959,-4.265792496,               159P    255
0.528769959,-4.858312181,0.528769959;                                159P    256
102,4,141,145,151,155;                                               161P    257
102,4,143,149,153,159;                                               163P    258
142,1,139,161,163,1;                                                 165P    259
144,139,1,0,165;                                                     167P    260
314,25.0980392156863,25.0980392156863,25.0980392156863,;             169P    261
110,-4.562052339,0.528769959,1.276563607,34.808026401,               171P    262
0.528769959,1.276563607;                                             171P    263
110,-4.562052339,0.528769959,0.980303764,-3.890792496,               173P    264
0.528769959,0.980303764;                                             173P    265
120,171,173,0.,6.28318530717959;                                     175P    266
126,1,1,1,0,1,0,0.,0.,1.,1.,1.,1.,1.,3.141592654,0.,1.,0.,0.,        177P    267
0.,1.,0.,0.,1.;                                                      177P    268
124,-7.04419501764363E-015,6.15869523182525E-017,-1.,                179P    269
-2.61422888949859,6.15869523182525E-017,1.,                          179P    270
6.15869523182521E-017,1.37763104699085E-016,1.,                      179P    271
-6.15869523182521E-017,-7.04419501764363E-015,5.16735610322212;      179P    272
100,1.276563607,-3.890792496,0.528769959,-3.594532654,               181P    273
0.528769959,-4.187052339,0.528769959;                                181P    274
126,1,1,1,0,1,0,0.,0.,1.,1.,1.,1.,1.,0.,0.,0.,0.,0.,0.,1.,0.,        183P    275
0.,1.;                                                               183P    276
110,-3.890792496,0.528769959,0.980303764,-4.562052339,               185P    277
0.528769959,0.980303764;                                             185P    278
126,1,1,1,0,1,0,0.,0.,1.,1.,1.,1.,0.,0.,0.,0.,3.141592654,0.,        187P    279
0.,1.,0.,0.,1.;                                                      187P    280
124,-7.04419501764363E-015,6.15869523182516E-017,1.,                 189P    281
-5.83861594574189,6.15869523182516E-017,1.,                          189P    282
-6.15869523182512E-017,3.57037200211125E-016,-1.,                    189P    283
6.15869523182512E-017,-7.04419501764363E-015,-3.28548873201817;      189P    284
100,1.276563607,-4.562052339,0.528769959,-4.265792496,               191P    285
0.528769959,-4.858312181,0.528769959;                                191P    286
126,1,1,1,0,1,0,0.,0.,1.,1.,1.,1.,0.,3.141592654,0.,1.,              193P    287
3.141592654,0.,0.,1.,0.,0.,1.;                                       193P    288
110,-4.562052339,0.528769959,1.572823449,-3.890792496,               195P    289
0.528769959,1.572823449;                                             195P    290
102,4,177,183,187,193;                                               197P    291
102,4,181,185,191,195;                                               199P    292
142,1,175,197,199,1;                                                 201P    293
144,175,1,0,201;                                                     203P    294
110,-4.562052339,0.528769959,1.276563607,34.808026401,               205P    295
0.528769959,1.276563607;                                             205P    296
110,-4.483312181,0.528769959,0.901563607,-3.890792496,               207P    297
0.528769959,0.901563607;                                             207P    298
120,205,207,0.,6.28318530717959;                                     209P    299
126,1,1,1,0,1,0,0.,0.,1.,1.,1.,1.,1.,3.141592654,0.,0.,              211P    300
3.141592654,0.,0.,1.,0.,0.,1.;                                       211P    301
110,-3.890792496,0.528769959,1.651563607,-4.483312181,               213P    302
0.528769959,1.651563607;                                             213P    303
126,1,1,1,0,1,0,0.,0.,1.,1.,1.,1.,0.,3.141592654,0.,0.,              215P    304
3.926990817,0.,0.,1.,0.,0.,1.;                                       215P    305
124,-6.12323399573677E-017,-7.49879891330929E-033,1.,                217P    306
-5.75987578826155,1.22464679914735E-016,-1.,0.,                      217P    307
1.05753991838674,1.,1.22464679914735E-016,                           217P    308
6.12323399573677E-017,5.75987578826155;                              217P    309
100,1.276563607,-4.483312181,0.528769959,-4.108312181,               219P    310
0.528769959,-4.218147138,0.793935002;                                219P    311
126,1,1,1,0,1,0,0.,0.,1.,1.,1.,1.,0.,3.926990817,0.,0.,              221P    312
6.283185307,0.,0.,1.,0.,0.,1.;                                       221P    313
124,-4.32978028117737E-017,4.32978028117756E-017,1.,                 223P    314
-5.75987578826155,-0.707106781186563,-0.707106781186532,0.,          223P    315
-2.26751366261733,0.707106781186532,-0.707106781186563,              223P    316
6.12323399573677E-017,4.82064087633913;                              223P    317
100,1.276563607,-4.483312181,0.528769959,-4.108312181,               225P    318
0.528769959,-4.748477224,0.793935002;                                225P    319
126,1,1,1,0,1,0,0.,0.,1.,1.,1.,1.,0.,6.283185307,0.,1.,              227P    320
6.283185307,0.,0.,1.,0.,0.,1.;                                       227P    321
110,-4.483312181,0.528769959,0.901563607,-3.890792496,               229P    322
0.528769959,0.901563607;                                             229P    323
126,1,1,1,0,1,0,0.,0.,1.,1.,1.,1.,1.,6.283185307,0.,1.,              231P    324
3.926990817,0.,0.,1.,0.,0.,1.;                                       231P    325
124,7.04419501764363E-015,-1.48684055551949E-016,-1.,                233P    326
-2.61422888949847,-2.62193756372145E-017,-1.,                        233P    327
1.48684055551949E-016,1.05753991838674,-1.,                          233P    328
2.62193756372135E-017,-7.04419501764363E-015,-2.61422888949849;      233P    329
100,1.276563607,-3.890792496,0.528769959,-3.515792496,               235P    330
0.528769959,-4.155957539,0.793935002;                                235P    331
126,1,1,1,0,1,0,0.,0.,1.,1.,1.,1.,1.,3.926990817,0.,1.,              237P    332
3.141592654,0.,0.,1.,0.,0.,1.;                                       237P    333
124,-5.08613356891143E-015,-4.87586256104118E-015,-1.,               239P    334
-2.61422888949851,-0.707106781186544,0.707106781186551,              239P    335
1.48684055551949E-016,-2.59633262300612,0.707106781186551,           239P    336
0.707106781186544,-7.04419501764363E-015,3.65387254139463;           239P    337
100,1.276563607,-3.890792496,0.528769959,-3.515792496,               241P    338
0.528769959,-3.625627453,0.793935002;                                241P    339
102,6,211,215,221,227,231,237;                                       243P    340
102,6,213,219,225,229,235,241;                                       245P    341
142,1,209,243,245,1;                                                 247P    342
144,209,1,0,247;                                                     249P    343
314,25.0980392156863,25.0980392156863,25.0980392156863,;             251P    344
128,1,1,1,1,0,0,1,0,0,0.,0.,1.,1.,0.,0.,1.,1.,1.,1.,1.,1.,           253P    345
-4.562052339,-0.007924088,1.276563607,-4.562052339,0.528769959,      253P    346
1.813257654,-4.562052339,0.528769959,0.73986956,-4.562052339,        253P    347
1.065464006,1.276563607,0.,1.,0.,1.;                                 253P    348
126,32,2,1,0,1,0,0.,0.,0.,0.0625,0.0625,0.125,0.125,0.1875,          255P    349
0.1875,0.25,0.25,0.3125,0.3125,0.375,0.375,0.4375,0.4375,0.5,        255P    350
0.5,0.5625,0.5625,0.625,0.625,0.6875,0.6875,0.75,0.75,0.8125,        255P    351
0.8125,0.875,0.875,0.9375,0.9375,1.,1.,1.,1.,1.,1.,1.,1.,1.,1.,      255P    352
1.,1.,1.,1.,1.,1.,1.,1.,1.,1.,1.,1.,1.,1.,1.,1.,1.,1.,1.,1.,1.,      255P    353
1.,1.,1.,1.,1.,0.5,0.005928854,0.,0.548661761,0.005928854,0.,        255P    354
0.596388499,0.015422292,0.,0.644115237,0.024915731,0.,               255P    355
0.689072842,0.04353778,0.,0.734030447,0.06215983,0.,                 255P    356
0.774491222,0.089194856,0.,0.814951997,0.116229881,0.,               255P    357
0.849361058,0.150638942,0.,0.883770119,0.185048003,0.,               255P    358
0.910805144,0.225508778,0.,0.93784017,0.265969553,0.,                255P    359
0.95646222,0.310927158,0.,0.975084269,0.355884763,0.,                255P    360
0.984577708,0.403611501,0.,0.994071146,0.451338239,0.,               255P    361
0.994071146,0.5,0.,0.994071146,0.548661761,0.,0.984577708,           255P    362
0.596388499,0.,0.975084269,0.644115237,0.,0.95646222,                255P    363
0.689072842,0.,0.93784017,0.734030447,0.,0.910805144,                255P    364
0.774491222,0.,0.883770119,0.814951997,0.,0.849361058,               255P    365
0.849361058,0.,0.814951997,0.883770119,0.,0.774491222,               255P    366
0.910805144,0.,0.734030447,0.93784017,0.,0.689072842,                255P    367
0.95646222,0.,0.644115237,0.975084269,0.,0.596388499,                255P    368
0.984577708,0.,0.548661761,0.994071146,0.,0.5,0.994071146,0.,        255P    369
0.,1.,0.,0.,-1.;                                                     255P    370
124,4.32978028117748E-017,4.32978028117745E-017,-1.,                 257P    371
-3.28548873201818,-0.707106781186545,0.707106781186551,0.,           257P    372
-3.07098500959,0.707106781186551,0.707106781186545,                  257P    373
6.12323399573677E-017,4.1285249279785;                               257P    374
100,1.276563607,-4.562052339,0.528769959,-4.187052339,               259P    375
0.528769959,-4.937052339,0.528769959;                                259P    376
126,32,2,1,0,1,0,0.,0.,0.,0.0625,0.0625,0.125,0.125,0.1875,          261P    377
0.1875,0.25,0.25,0.3125,0.3125,0.375,0.375,0.4375,0.4375,0.5,        261P    378
0.5,0.5625,0.5625,0.625,0.625,0.6875,0.6875,0.75,0.75,0.8125,        261P    379
0.8125,0.875,0.875,0.9375,0.9375,1.,1.,1.,1.,1.,1.,1.,1.,1.,1.,      261P    380
1.,1.,1.,1.,1.,1.,1.,1.,1.,1.,1.,1.,1.,1.,1.,1.,1.,1.,1.,1.,1.,      261P    381
1.,1.,1.,1.,1.,0.5,0.994071146,0.,0.451338239,0.994071146,0.,        261P    382
0.403611501,0.984577708,0.,0.355884763,0.975084269,0.,               261P    383
0.310927158,0.95646222,0.,0.265969553,0.93784017,0.,                 261P    384
0.225508778,0.910805144,0.,0.185048003,0.883770119,0.,               261P    385
0.150638942,0.849361058,0.,0.116229881,0.814951997,0.,               261P    386
0.089194856,0.774491222,0.,0.06215983,0.734030447,0.,                261P    387
0.04353778,0.689072842,0.,0.024915731,0.644115237,0.,                261P    388
0.015422292,0.596388499,0.,0.005928854,0.548661761,0.,               261P    389
0.005928854,0.5,0.,0.005928854,0.451338239,0.,0.015422292,           261P    390
0.403611501,0.,0.024915731,0.355884763,0.,0.04353778,                261P    391
0.310927158,0.,0.06215983,0.265969553,0.,0.089194856,                261P    392
0.225508778,0.,0.116229881,0.185048003,0.,0.150638942,               261P    393
0.150638942,0.,0.185048003,0.116229881,0.,0.225508778,               261P    394
0.089194856,0.,0.265969553,0.06215983,0.,0.310927158,                261P    395
0.04353778,0.,0.355884763,0.024915731,0.,0.403611501,                261P    396
0.015422292,0.,0.451338239,0.005928854,0.,0.5,0.005928854,0.,        261P    397
0.,1.,0.,0.,-1.;                                                     261P    398
124,-4.32978028117743E-017,-4.32978028117751E-017,-1.,               263P    399
-3.28548873201818,0.707106781186554,-0.707106781186541,0.,           263P    400
4.12852492797678,-0.707106781186541,-0.707106781186554,              263P    401
6.12323399573677E-017,-1.57539771425477;                             263P    402
100,1.276563607,-4.562052339,0.528769959,-4.187052339,               265P    403
0.528769959,-4.937052339,0.528769959;                                265P    404
102,2,255,261;                                                       267P    405
102,2,259,265;                                                       269P    406
142,1,253,267,269,1;                                                 271P    407
126,32,2,1,0,1,0,0.,0.,0.,0.0625,0.0625,0.125,0.125,0.1875,          273P    408
0.1875,0.25,0.25,0.3125,0.3125,0.375,0.375,0.4375,0.4375,0.5,        273P    409
0.5,0.5625,0.5625,0.625,0.625,0.6875,0.6875,0.75,0.75,0.8125,        273P    410
0.8125,0.875,0.875,0.9375,0.9375,1.,1.,1.,1.,1.,1.,1.,1.,1.,1.,      273P    411
1.,1.,1.,1.,1.,1.,1.,1.,1.,1.,1.,1.,1.,1.,1.,1.,1.,1.,1.,1.,1.,      273P    412
1.,1.,1.,1.,1.,0.776004405,0.223995595,0.,0.748820344,               273P    413
0.196811533,0.,0.71685527,0.175453154,0.,0.684890195,                273P    414
0.154094774,0.,0.649372508,0.139382866,0.,0.61385482,                273P    415
0.124670958,0.,0.576149444,0.117170892,0.,0.538444068,               273P    416
0.109670827,0.,0.5,0.109670827,0.,0.461555932,0.109670827,0.,        273P    417
0.423850556,0.117170892,0.,0.38614518,0.124670958,0.,                273P    418
0.350627492,0.139382866,0.,0.315109805,0.154094774,0.,               273P    419
0.28314473,0.175453154,0.,0.251179656,0.196811533,0.,                273P    420
0.223995595,0.223995595,0.,0.196811533,0.251179656,0.,               273P    421
0.175453154,0.28314473,0.,0.154094774,0.315109805,0.,                273P    422
0.139382866,0.350627492,0.,0.124670958,0.38614518,0.,                273P    423
0.117170892,0.423850556,0.,0.109670827,0.461555932,0.,               273P    424
0.109670827,0.5,0.,0.109670827,0.538444068,0.,0.117170892,           273P    425
0.576149444,0.,0.124670958,0.61385482,0.,0.139382866,                273P    426
0.649372508,0.,0.154094774,0.684890195,0.,0.175453154,               273P    427
0.71685527,0.,0.196811533,0.748820344,0.,0.223995595,                273P    428
0.776004405,0.,0.,1.,0.,0.,1.;                                       273P    429
124,7.04419501764363E-015,-6.15869523183008E-017,1.,                 275P    430
-5.83861594574183,-7.04454963000452E-015,-1.,                        275P    431
-6.15869523182512E-017,1.05753991838671,1.,                          275P    432
-7.04454963000452E-015,-7.04419501764363E-015,5.83861594574187;      275P    433
100,1.276563607,-4.562052339,0.528769959,-4.265792496,               277P    434
0.528769959,-4.858312181,0.528769959;                                277P    435
126,32,2,1,0,1,0,0.,0.,0.,0.0625,0.0625,0.125,0.125,0.1875,          279P    436
0.1875,0.25,0.25,0.3125,0.3125,0.375,0.375,0.4375,0.4375,0.5,        279P    437
0.5,0.5625,0.5625,0.625,0.625,0.6875,0.6875,0.75,0.75,0.8125,        279P    438
0.8125,0.875,0.875,0.9375,0.9375,1.,1.,1.,1.,1.,1.,1.,1.,1.,1.,      279P    439
1.,1.,1.,1.,1.,1.,1.,1.,1.,1.,1.,1.,1.,1.,1.,1.,1.,1.,1.,1.,1.,      279P    440
1.,1.,1.,1.,1.,0.223995595,0.776004405,0.,0.251179656,               279P    441
0.803188467,0.,0.28314473,0.824546846,0.,0.315109805,                279P    442
0.845905226,0.,0.350627492,0.860617134,0.,0.38614518,                279P    443
0.875329042,0.,0.423850556,0.882829108,0.,0.461555932,               279P    444
0.890329173,0.,0.5,0.890329173,0.,0.538444068,0.890329173,0.,        279P    445
0.576149444,0.882829108,0.,0.61385482,0.875329042,0.,                279P    446
0.649372508,0.860617134,0.,0.684890195,0.845905226,0.,               279P    447
0.71685527,0.824546846,0.,0.748820344,0.803188467,0.,                279P    448
0.776004405,0.776004405,0.,0.803188467,0.748820344,0.,               279P    449
0.824546846,0.71685527,0.,0.845905226,0.684890195,0.,                279P    450
0.860617134,0.649372508,0.,0.875329042,0.61385482,0.,                279P    451
0.882829108,0.576149444,0.,0.890329173,0.538444068,0.,               279P    452
0.890329173,0.5,0.,0.890329173,0.461555932,0.,0.882829108,           279P    453
0.423850556,0.,0.875329042,0.38614518,0.,0.860617134,                279P    454
0.350627492,0.,0.845905226,0.315109805,0.,0.824546846,               279P    455
0.28314473,0.,0.803188467,0.251179656,0.,0.776004405,                279P    456
0.223995595,0.,0.,1.,0.,0.,1.;                                       279P    457
124,-7.04419501764363E-015,6.15869523182516E-017,1.,                 281P    458
-5.83861594574189,6.15869523182516E-017,1.,                          281P    459
-6.15869523182512E-017,3.57037200211125E-016,-1.,                    281P    460
6.15869523182512E-017,-7.04419501764363E-015,-3.28548873201817;      281P    461
100,1.276563607,-4.562052339,0.528769959,-4.265792496,               283P    462
0.528769959,-4.858312181,0.528769959;                                283P    463
102,2,273,279;                                                       285P    464
102,2,277,283;                                                       287P    465
142,1,253,285,287,1;                                                 289P    466
144,253,1,1,271,289;                                                 291P    467
314,25.0980392156863,25.0980392156863,25.0980392156863,;             293P    468
128,6,3,3,3,0,0,0,0,0,0.,0.,0.,0.,0.5,0.5,0.5,1.,1.,1.,1.,0.,        295P    469
0.,0.,0.,1.,1.,1.,1.,1.,0.780588314885161,0.780588314885161,1.,      295P    470
0.780588314885161,0.780588314885161,1.,0.333333333333333,            295P    471
0.26019610496172,0.26019610496172,0.333333333333333,                 295P    472
0.26019610496172,0.26019610496172,0.333333333333333,                 295P    473
0.333333333333333,0.26019610496172,0.26019610496172,                 295P    474
0.333333333333333,0.26019610496172,0.26019610496172,                 295P    475
0.333333333333333,1.,0.780588314885161,0.780588314885161,1.,         295P    476
0.780588314885161,0.780588314885161,1.,-4.561855652,                 295P    477
0.266384164,1.538949402,-4.564344953,0.248840862,1.556492704,        295P    478
-4.547616804,0.235766067,1.569567499,-4.52268226,0.235766067,        295P    479
1.569567499,-4.497747716,0.235766067,1.569567499,-4.481019567,       295P    480
0.248840862,1.556492704,-4.483508868,0.266384164,1.538949402,        295P    481
-4.561855652,0.791155755,2.063720993,-4.564344953,0.808699057,       295P    482
2.116350899,-4.547616804,0.821773852,2.155575285,-4.52268226,        295P    483
0.821773852,2.155575285,-4.497747716,0.821773852,2.155575285,        295P    484
-4.481019567,0.808699057,2.116350899,-4.483508868,0.791155755,       295P    485
2.063720993,-4.561855652,1.315927346,1.538949402,-4.564344953,       295P    486
1.368557251,1.556492704,-4.547616804,1.407781637,1.569567499,        295P    487
-4.52268226,1.407781637,1.569567499,-4.497747716,1.407781637,        295P    488
1.569567499,-4.481019567,1.368557251,1.556492704,-4.483508868,       295P    489
1.315927346,1.538949402,-4.561855652,0.791155755,1.014177811,        295P    490
-4.564344953,0.808699057,0.996634509,-4.547616804,0.821773852,       295P    491
0.983559714,-4.52268226,0.821773852,0.983559714,-4.497747716,        295P    492
0.821773852,0.983559714,-4.481019567,0.808699057,0.996634509,        295P    493
-4.483508868,0.791155755,1.014177811,0.,1.,0.,1.;                    295P    494
126,1,1,1,0,1,0,0.,0.,1.,1.,1.,1.,0.033007593,0.,0.,                 297P    495
0.966992407,0.,0.,0.,1.,0.,0.,1.;                                    297P    496
124,-1.,1.40883900352873E-014,0.,-9.04536452027973,                  299P    497
-9.9619961299527E-015,-0.707106781186554,0.707106781186541,          299P    498
-0.640165042946221,9.96199612995252E-015,0.707106781186541,          299P    499
0.707106781186554,0.265165042945503;                                 299P    500
100,1.54172865,-4.52268226,0.263604916,-4.483312181,                 301P    501
0.263604916,-4.562052339,0.263604916;                                301P    502
126,1,1,1,0,1,0,0.,0.,1.,1.,1.,1.,0.966992407,0.,0.,                 303P    503
0.966992407,0.292893219,0.,0.,1.,0.,0.,1.;                           303P    504
124,4.32978028117748E-017,4.32978028117745E-017,-1.,                 305P    505
-3.20674857453787,-0.707106781186545,0.707106781186551,0.,           305P    506
-3.01530731028397,0.707106781186551,0.707106781186545,               305P    507
6.12323399573677E-017,4.07284722867247;                              305P    508
100,1.276563607,-4.483312181,0.528769959,-4.108312181,               307P    509
0.528769959,-4.218147138,0.793935002;                                307P    510
126,1,1,1,0,1,0,0.,0.,1.,1.,1.,1.,0.966992407,0.292893219,0.,        309P    511
0.966992407,1.,0.,0.,1.,0.,0.,1.;                                    309P    512
124,6.12323399573677E-017,0.,-1.,-3.20674857453787,0.,1.,0.,0.,      311P    513
1.,0.,6.12323399573677E-017,5.75987578826155;                        311P    514
100,1.276563607,-4.483312181,0.528769959,-4.108312181,               313P    515
0.528769959,-4.748477224,0.793935002;                                313P    516
126,1,1,1,0,1,0,0.,0.,1.,1.,1.,1.,0.966992407,1.,0.,                 315P    517
0.033007593,1.,0.,0.,1.,0.,0.,1.;                                    315P    518
124,1.,0.,0.,0.,0.,0.707106781186554,0.707106781186541,              317P    519
-0.482628604723005,0.,-0.707106781186541,0.707106781186554,          317P    520
0.857628604722276;                                                   317P    521
100,1.011398564,-4.52268226,0.793935002,-4.483312181,                319P    522
0.793935002,-4.562052339,0.793935002;                                319P    523
126,1,1,1,0,1,0,0.,0.,1.,1.,1.,1.,0.033007593,1.,0.,                 321P    524
0.033007593,0.,0.,0.,1.,0.,0.,1.;                                    321P    525
124,4.32978028117743E-017,-4.3297802811775E-017,1.,                  323P    526
-5.83861594574186,0.707106781186553,0.707106781186542,0.,            323P    527
3.38073128031005,-0.707106781186542,0.707106781186553,               323P    528
6.12323399573677E-017,-2.32319136192152;                             323P    529
100,1.276563607,-4.562052339,0.528769959,-4.187052339,               325P    530
0.528769959,-4.937052339,0.528769959;                                325P    531
102,5,297,303,309,315,321;                                           327P    532
102,5,301,307,313,319,325;                                           329P    533
142,1,295,327,329,1;                                                 331P    534
144,295,1,0,331;                                                     333P    535
128,1,1,1,1,0,0,1,0,0,0.,0.,1.,1.,0.,0.,1.,1.,1.,1.,1.,1.,           335P    536
-3.812052339,0.908269959,0.897063607,-3.812052339,0.149269959,       335P    537
0.897063607,-3.812052339,0.908269959,1.656063607,-3.812052339,       335P    538
0.149269959,1.656063607,0.,1.,0.,1.;                                 335P    539
126,32,2,1,0,1,0,0.,0.,0.,0.0625,0.0625,0.125,0.125,0.1875,          337P    540
0.1875,0.25,0.25,0.3125,0.3125,0.375,0.375,0.4375,0.4375,0.5,        337P    541
0.5,0.5625,0.5625,0.625,0.625,0.6875,0.6875,0.75,0.75,0.8125,        337P    542
0.8125,0.875,0.875,0.9375,0.9375,1.,1.,1.,1.,1.,1.,1.,1.,1.,1.,      337P    543
1.,1.,1.,1.,1.,1.,1.,1.,1.,1.,1.,1.,1.,1.,1.,1.,1.,1.,1.,1.,1.,      337P    544
1.,1.,1.,1.,1.,0.849361058,0.849361058,0.,0.814951997,               337P    545
0.883770119,0.,0.774491222,0.910805144,0.,0.734030447,               337P    546
0.93784017,0.,0.689072842,0.95646222,0.,0.644115237,                 337P    547
0.975084269,0.,0.596388499,0.984577708,0.,0.548661761,               337P    548
0.994071146,0.,0.5,0.994071146,0.,0.451338239,0.994071146,0.,        337P    549
0.403611501,0.984577708,0.,0.355884763,0.975084269,0.,               337P    550
0.310927158,0.95646222,0.,0.265969553,0.93784017,0.,                 337P    551
0.225508778,0.910805144,0.,0.185048003,0.883770119,0.,               337P    552
0.150638942,0.849361058,0.,0.116229881,0.814951997,0.,               337P    553
0.089194856,0.774491222,0.,0.06215983,0.734030447,0.,                337P    554
0.04353778,0.689072842,0.,0.024915731,0.644115237,0.,                337P    555
0.015422292,0.596388499,0.,0.005928854,0.548661761,0.,               337P    556
0.005928854,0.5,0.,0.005928854,0.451338239,0.,0.015422292,           337P    557
0.403611501,0.,0.024915731,0.355884763,0.,0.04353778,                337P    558
0.310927158,0.,0.06215983,0.265969553,0.,0.089194856,                337P    559
0.225508778,0.,0.116229881,0.185048003,0.,0.150638942,               337P    560
0.150638942,0.,0.,1.,0.,0.,-1.;                                      337P    561
124,-5.02454661659318E-015,-4.93744951335943E-015,-1.,               339P    562
-2.5354887320182,-0.707106781186543,0.707106781186552,               339P    563
6.15869523182521E-017,-2.54065492370008,0.707106781186552,           339P    564
0.707106781186543,-7.04419501764363E-015,3.5981948420886;            339P    565
100,1.276563607,-3.812052339,0.528769959,-3.437052339,               341P    566
0.528769959,-4.187052339,0.528769959;                                341P    567
126,32,2,1,0,1,0,0.,0.,0.,0.0625,0.0625,0.125,0.125,0.1875,          343P    568
0.1875,0.25,0.25,0.3125,0.3125,0.375,0.375,0.4375,0.4375,0.5,        343P    569
0.5,0.5625,0.5625,0.625,0.625,0.6875,0.6875,0.75,0.75,0.8125,        343P    570
0.8125,0.875,0.875,0.9375,0.9375,1.,1.,1.,1.,1.,1.,1.,1.,1.,1.,      343P    571
1.,1.,1.,1.,1.,1.,1.,1.,1.,1.,1.,1.,1.,1.,1.,1.,1.,1.,1.,1.,1.,      343P    572
1.,1.,1.,1.,1.,0.150638942,0.150638942,0.,0.185048003,               343P    573
0.116229881,0.,0.225508778,0.089194856,0.,0.265969553,               343P    574
0.06215983,0.,0.310927158,0.04353778,0.,0.355884763,                 343P    575
0.024915731,0.,0.403611501,0.015422292,0.,0.451338239,               343P    576
0.005928854,0.,0.5,0.005928854,0.,0.548661761,0.005928854,0.,        343P    577
0.596388499,0.015422292,0.,0.644115237,0.024915731,0.,               343P    578
0.689072842,0.04353778,0.,0.734030447,0.06215983,0.,                 343P    579
0.774491222,0.089194856,0.,0.814951997,0.116229881,0.,               343P    580
0.849361058,0.150638942,0.,0.883770119,0.185048003,0.,               343P    581
0.910805144,0.225508778,0.,0.93784017,0.265969553,0.,                343P    582
0.95646222,0.310927158,0.,0.975084269,0.355884763,0.,                343P    583
0.984577708,0.403611501,0.,0.994071146,0.451338239,0.,               343P    584
0.994071146,0.5,0.,0.994071146,0.548661761,0.,0.984577708,           343P    585
0.596388499,0.,0.975084269,0.644115237,0.,0.95646222,                343P    586
0.689072842,0.,0.93784017,0.734030447,0.,0.910805144,                343P    587
0.774491222,0.,0.883770119,0.814951997,0.,0.849361058,               343P    588
0.849361058,0.,0.,1.,0.,0.,-1.;                                      343P    589
124,5.02454661659311E-015,4.9374495133595E-015,-1.,                  345P    590
-2.53548873201817,0.707106781186554,-0.707106781186541,              345P    591
6.15869523182521E-017,3.59819484208686,-0.707106781186541,           345P    592
-0.707106781186554,-7.04419501764363E-015,-1.04506762836486;         345P    593
100,1.276563607,-3.812052339,0.528769959,-3.437052339,               347P    594
0.528769959,-4.187052339,0.528769959;                                347P    595
102,2,337,343;                                                       349P    596
102,2,341,347;                                                       351P    597
142,1,335,349,351,1;                                                 353P    598
144,335,1,0,353;                                                     355P    599
128,6,3,3,3,0,0,0,0,0,0.,0.,0.,0.,0.5,0.5,0.5,1.,1.,1.,1.,0.,        357P    600
0.,0.,0.,1.,1.,1.,1.,1.,0.780588314885161,0.780588314885161,1.,      357P    601
0.780588314885161,0.780588314885161,1.,0.333333333333333,            357P    602
0.26019610496172,0.26019610496172,0.333333333333333,                 357P    603
0.26019610496172,0.26019610496172,0.333333333333333,                 357P    604
0.333333333333333,0.26019610496172,0.26019610496172,                 357P    605
0.333333333333333,0.26019610496172,0.26019610496172,                 357P    606
0.333333333333333,1.,0.780588314885161,0.780588314885161,1.,         357P    607
0.780588314885161,0.780588314885161,1.,-3.812249025,                 357P    608
0.266384164,1.538949402,-3.809759725,0.248840862,1.556492704,        357P    609
-3.826487873,0.235766067,1.569567499,-3.851422418,0.235766067,       357P    610
1.569567499,-3.876356962,0.235766067,1.569567499,-3.893085111,       357P    611
0.248840862,1.556492704,-3.89059581,0.266384164,1.538949402,         357P    612
-3.812249025,-0.258387427,1.014177811,-3.809759725,                  357P    613
-0.311017333,0.996634509,-3.826487873,-0.350241719,0.983559714,      357P    614
-3.851422418,-0.350241719,0.983559714,-3.876356962,                  357P    615
-0.350241719,0.983559714,-3.893085111,-0.311017333,0.996634509,      357P    616
-3.89059581,-0.258387427,1.014177811,-3.812249025,0.266384164,       357P    617
0.48940622,-3.809759725,0.248840862,0.436776315,-3.826487873,        357P    618
0.235766067,0.397551929,-3.851422418,0.235766067,0.397551929,        357P    619
-3.876356962,0.235766067,0.397551929,-3.893085111,0.248840862,       357P    620
0.436776315,-3.89059581,0.266384164,0.48940622,-3.812249025,         357P    621
0.791155755,1.014177811,-3.809759725,0.808699057,0.996634509,        357P    622
-3.826487873,0.821773852,0.983559714,-3.851422418,0.821773852,       357P    623
0.983559714,-3.876356962,0.821773852,0.983559714,-3.893085111,       357P    624
0.808699057,0.996634509,-3.89059581,0.791155755,1.014177811,0.,      357P    625
1.,0.,1.;                                                            357P    626
126,1,1,1,0,1,0,0.,0.,1.,1.,1.,1.,0.033007593,0.,0.,                 359P    627
0.966992407,0.,0.,0.,1.,0.,0.,1.;                                    359P    628
124,1.,-1.41146094109245E-014,-6.15869523182505E-017,                361P    629
3.7043912619723E-015,-1.00240845798812E-014,-0.707106781186558,      361P    630
-0.707106781186537,1.54016852310969,9.93698747664716E-015,           361P    631
0.707106781186537,-0.707106781186558,2.44549860900145;               361P    632
100,1.54172865,-3.851422418,0.263604916,-3.812052339,                363P    633
0.263604916,-3.890792496,0.263604916;                                363P    634
126,1,1,1,0,1,0,0.,0.,1.,1.,1.,1.,0.966992407,0.,0.,                 365P    635
0.966992407,0.707106781,0.,0.,1.,0.,0.,1.;                           365P    636
124,-1.48433306746876E-016,-6.18377011233224E-017,1.,                367P    637
-5.16735610322218,-0.707106781186563,-0.707106781186532,             367P    638
-1.48684055551949E-016,-1.84853897533946,0.707106781186532,          367P    639
-0.707106781186563,6.12323399573677E-017,4.40166618906128;           367P    640
100,1.276563607,-3.890792496,0.528769959,-3.515792496,               369P    641
0.528769959,-4.155957539,0.793935002;                                369P    642
126,1,1,1,0,1,0,0.,0.,1.,1.,1.,1.,0.966992407,0.707106781,0.,        371P    643
0.966992407,1.,0.,0.,1.,0.,0.,1.;                                    371P    644
124,6.12323399573677E-017,1.48684055551949E-016,1.,                  373P    645
-5.16735610322218,1.48684055551949E-016,1.,                          373P    646
-1.48684055551949E-016,8.15516616131859E-016,-1.,                    373P    647
1.48684055551949E-016,6.12323399573677E-017,-2.6142288894985;        373P    648
100,1.276563607,-3.890792496,0.528769959,-3.515792496,               375P    649
0.528769959,-3.625627453,0.793935002;                                375P    650
126,1,1,1,0,1,0,0.,0.,1.,1.,1.,1.,0.966992407,1.,0.,                 377P    651
0.033007593,1.,0.,0.,1.,0.,0.,1.;                                    377P    652
124,-1.,2.62193756372134E-017,-6.15869523182505E-017,                379P    653
-7.70284483524036,6.2088449928398E-017,0.707106781186559,            379P    654
-0.707106781186536,0.947704961332906,2.50086533052975E-017,          379P    655
-0.707106781186536,-0.707106781186559,2.28796217077822;              379P    656
100,1.011398564,-3.851422418,0.793935002,-3.812052339,               381P    657
0.793935002,-3.890792496,0.793935002;                                381P    658
126,1,1,1,0,1,0,0.,0.,1.,1.,1.,1.,0.033007593,1.,0.,                 383P    659
0.033007593,0.,0.,0.,1.,0.,0.,1.;                                    383P    660
124,5.02454661659311E-015,4.9374495133595E-015,-1.,                  385P    661
-2.53548873201817,0.707106781186554,-0.707106781186541,              385P    662
6.15869523182521E-017,3.59819484208686,-0.707106781186541,           385P    663
-0.707106781186554,-7.04419501764363E-015,-1.04506762836486;         385P    664
100,1.276563607,-3.812052339,0.528769959,-3.437052339,               387P    665
0.528769959,-4.187052339,0.528769959;                                387P    666
102,5,359,365,371,377,383;                                           389P    667
102,5,363,369,375,381,387;                                           391P    668
142,1,357,389,391,1;                                                 393P    669
144,357,1,0,393;                                                     395P    670
128,1,1,1,1,0,0,1,0,0,0.,0.,1.,1.,0.,0.,1.,1.,1.,1.,1.,1.,           397P    671
-3.890792496,0.228954999,0.976748646,-3.890792496,0.82858492,        397P    672
0.976748646,-3.890792496,0.228954999,1.576378567,-3.890792496,       397P    673
0.82858492,1.576378567,0.,1.,0.,1.;                                  397P    674
126,32,2,1,0,1,0,0.,0.,0.,0.0625,0.0625,0.125,0.125,0.1875,          399P    675
0.1875,0.25,0.25,0.3125,0.3125,0.375,0.375,0.4375,0.4375,0.5,        399P    676
0.5,0.5625,0.5625,0.625,0.625,0.6875,0.6875,0.75,0.75,0.8125,        399P    677
0.8125,0.875,0.875,0.9375,0.9375,1.,1.,1.,1.,1.,1.,1.,1.,1.,1.,      399P    678
1.,1.,1.,1.,1.,1.,1.,1.,1.,1.,1.,1.,1.,1.,1.,1.,1.,1.,1.,1.,1.,      399P    679
1.,1.,1.,1.,1.,0.5,0.994071146,0.,0.451338239,0.994071146,0.,        399P    680
0.403611501,0.984577708,0.,0.355884763,0.975084269,0.,               399P    681
0.310927158,0.95646222,0.,0.265969553,0.93784017,0.,                 399P    682
0.225508778,0.910805144,0.,0.185048003,0.883770119,0.,               399P    683
0.150638942,0.849361058,0.,0.116229881,0.814951997,0.,               399P    684
0.089194856,0.774491222,0.,0.06215983,0.734030447,0.,                399P    685
0.04353778,0.689072842,0.,0.024915731,0.644115237,0.,                399P    686
0.015422292,0.596388499,0.,0.005928854,0.548661761,0.,               399P    687
0.005928854,0.5,0.,0.005928854,0.451338239,0.,0.015422292,           399P    688
0.403611501,0.,0.024915731,0.355884763,0.,0.04353778,                399P    689
0.310927158,0.,0.06215983,0.265969553,0.,0.089194856,                399P    690
0.225508778,0.,0.116229881,0.185048003,0.,0.150638942,               399P    691
0.150638942,0.,0.185048003,0.116229881,0.,0.225508778,               399P    692
0.089194856,0.,0.265969553,0.06215983,0.,0.310927158,                399P    693
0.04353778,0.,0.355884763,0.024915731,0.,0.403611501,                399P    694
0.015422292,0.,0.451338239,0.005928854,0.,0.5,0.005928854,0.,        399P    695
0.,1.,0.,0.,-1.;                                                     399P    696
124,-6.12323399573676E-017,-6.15869523182521E-017,1.,                401P    697
-5.16735610322211,6.08777275964833E-017,-1.,                         401P    698
-6.15869523182521E-017,1.05753991838663,1.,                          401P    699
6.08777275964833E-017,6.12323399573677E-017,5.16735610322211;        401P    700
100,1.276563607,-3.890792496,0.528769959,-3.594532654,               403P    701
0.528769959,-4.187052339,0.528769959;                                403P    702
126,32,2,1,0,1,0,0.,0.,0.,0.0625,0.0625,0.125,0.125,0.1875,          405P    703
0.1875,0.25,0.25,0.3125,0.3125,0.375,0.375,0.4375,0.4375,0.5,        405P    704
0.5,0.5625,0.5625,0.625,0.625,0.6875,0.6875,0.75,0.75,0.8125,        405P    705
0.8125,0.875,0.875,0.9375,0.9375,1.,1.,1.,1.,1.,1.,1.,1.,1.,1.,      405P    706
1.,1.,1.,1.,1.,1.,1.,1.,1.,1.,1.,1.,1.,1.,1.,1.,1.,1.,1.,1.,1.,      405P    707
1.,1.,1.,1.,1.,0.5,0.005928854,0.,0.548661761,0.005928854,0.,        405P    708
0.596388499,0.015422292,0.,0.644115237,0.024915731,0.,               405P    709
0.689072842,0.04353778,0.,0.734030447,0.06215983,0.,                 405P    710
0.774491222,0.089194856,0.,0.814951997,0.116229881,0.,               405P    711
0.849361058,0.150638942,0.,0.883770119,0.185048003,0.,               405P    712
0.910805144,0.225508778,0.,0.93784017,0.265969553,0.,                405P    713
0.95646222,0.310927158,0.,0.975084269,0.355884763,0.,                405P    714
0.984577708,0.403611501,0.,0.994071146,0.451338239,0.,               405P    715
0.994071146,0.5,0.,0.994071146,0.548661761,0.,0.984577708,           405P    716
0.596388499,0.,0.975084269,0.644115237,0.,0.95646222,                405P    717
0.689072842,0.,0.93784017,0.734030447,0.,0.910805144,                405P    718
0.774491222,0.,0.883770119,0.814951997,0.,0.849361058,               405P    719
0.849361058,0.,0.814951997,0.883770119,0.,0.774491222,               405P    720
0.910805144,0.,0.734030447,0.93784017,0.,0.689072842,                405P    721
0.95646222,0.,0.644115237,0.975084269,0.,0.596388499,                405P    722
0.984577708,0.,0.548661761,0.994071146,0.,0.5,0.994071146,0.,        405P    723
0.,1.,0.,0.,-1.;                                                     405P    724
124,6.12323399573677E-017,6.1586952318252E-017,1.,                   407P    725
-5.16735610322211,6.1586952318252E-017,1.,                           407P    726
-6.15869523182521E-017,2.74355504382294E-016,-1.,                    407P    727
6.15869523182521E-017,6.12323399573677E-017,-2.61422888949857;       407P    728
100,1.276563607,-3.890792496,0.528769959,-3.594532654,               409P    729
0.528769959,-4.187052339,0.528769959;                                409P    730
102,2,399,405;                                                       411P    731
102,2,403,409;                                                       413P    732
142,1,397,411,413,1;                                                 415P    733
144,397,1,0,415;                                                     417P    734
S      1G      5D    418P    734                                        T      1
