SolidWorks IGES file using analytic representation for surfaces         S      1
1H,,1H;,12H16915.SLDPRT,52HC:\Users\Developer\Desktop\OpenGlider V0.1\16G      1
915.IGS,15HSolidWorks 2012,15HSolidWorks 2012,32,308,15,308,15,12H16915.G      2
SLDPRT,1.,2,2HMM,50,0.125,13H130708.005732,1E-008,499990.,9HDeveloper,, G      3
11,0,13H130708.005732;                                                  G      4
     314       1       0       0       0                        00000200D      1
     314       0       6       1       0                               0D      2
     128       2       0       0       0                        01010000D      3
     128       0       0      15       0                               0D      4
     126      17       0       0       0                        01010500D      5
     126       0       0       2       0                               0D      6
     124      19       0       0       0                        00000000D      7
     124       0       0       3       0                               0D      8
     100      22       0       0       0               7        01010000D      9
     100       0       0       1       0                               0D     10
     126      23       0       0       0                        01010500D     11
     126       0       0       2       0                               0D     12
     124      25       0       0       0                        00000000D     13
     124       0       0       2       0                               0D     14
     100      27       0       0       0              13        01010000D     15
     100       0       0       1       0                               0D     16
     126      28       0       0       0                        01010500D     17
     126       0       0       2       0                               0D     18
     124      30       0       0       0                        00000000D     19
     124       0       0       3       0                               0D     20
     100      33       0       0       0              19        01010000D     21
     100       0       0       1       0                               0D     22
     126      34       0       0       0                        01010500D     23
     126       0       0       2       0                               0D     24
     124      36       0       0       0                        00000000D     25
     124       0       0       3       0                               0D     26
     100      39       0       0       0              25        01010000D     27
     100       0       0       1       0                               0D     28
     102      40       0       0       0                        01010500D     29
     102       0       0       1       0                               0D     30
     102      41       0       0       0                        01010000D     31
     102       0       0       1       0                               0D     32
     142      42       0       0       0                        00010500D     33
     142       0       0       1       0                               0D     34
     144      43       0       0       0                        00000000D     35
     144       0      -1       1       0                               0D     36
     128      44       0       0       0                        01010000D     37
     128       0       0      16       0                               0D     38
     126      60       0       0       0                        01010500D     39
     126       0       0       2       0                               0D     40
     124      62       0       0       0                        00000000D     41
     124       0       0       3       0                               0D     42
     100      65       0       0       0              41        01010000D     43
     100       0       0       1       0                               0D     44
     126      66       0       0       0                        01010500D     45
     126       0       0       2       0                               0D     46
     124      68       0       0       0                        00000000D     47
     124       0       0       2       0                               0D     48
     100      70       0       0       0              47        01010000D     49
     100       0       0       1       0                               0D     50
     126      71       0       0       0                        01010500D     51
     126       0       0       2       0                               0D     52
     124      73       0       0       0                        00000000D     53
     124       0       0       3       0                               0D     54
     100      76       0       0       0              53        01010000D     55
     100       0       0       1       0                               0D     56
     126      77       0       0       0                        01010500D     57
     126       0       0       2       0                               0D     58
     124      79       0       0       0                        00000000D     59
     124       0       0       3       0                               0D     60
     100      82       0       0       0              59        01010000D     61
     100       0       0       1       0                               0D     62
     102      83       0       0       0                        01010500D     63
     102       0       0       1       0                               0D     64
     102      84       0       0       0                        01010000D     65
     102       0       0       1       0                               0D     66
     142      85       0       0       0                        00010500D     67
     142       0       0       1       0                               0D     68
     144      86       0       0       0                        00000000D     69
     144       0      -1       1       0                               0D     70
     110      87       0       0       0                        01010000D     71
     110       0       0       1       0                               0D     72
     110      88       0       0       0                        01010000D     73
     110       0       0       1       0                               0D     74
     120      89       0       0       0                        01010000D     75
     120       0       0       1       0                               0D     76
     126      90       0       0       0                        01010500D     77
     126       0       0       2       0                               0D     78
     124      92       0       0       0                        00000000D     79
     124       0       0       3       0                               0D     80
     100      95       0       0       0              79        01010000D     81
     100       0       0       1       0                               0D     82
     126      96       0       0       0                        01010500D     83
     126       0       0       2       0                               0D     84
     110      98       0       0       0                        01010000D     85
     110       0       0       1       0                               0D     86
     126      99       0       0       0                        01010500D     87
     126       0       0       2       0                               0D     88
     124     101       0       0       0                        00000000D     89
     124       0       0       3       0                               0D     90
     100     104       0       0       0              89        01010000D     91
     100       0       0       1       0                               0D     92
     126     105       0       0       0                        01010500D     93
     126       0       0       2       0                               0D     94
     110     107       0       0       0                        01010000D     95
     110       0       0       1       0                               0D     96
     102     108       0       0       0                        01010500D     97
     102       0       0       1       0                               0D     98
     102     109       0       0       0                        01010000D     99
     102       0       0       1       0                               0D    100
     142     110       0       0       0                        00010500D    101
     142       0       0       1       0                               0D    102
     144     111       0       0       0                        00000000D    103
     144       0      -1       1       0                               0D    104
     110     112       0       0       0                        01010000D    105
     110       0       0       1       0                               0D    106
     110     113       0       0       0                        01010000D    107
     110       0       0       1       0                               0D    108
     120     114       0       0       0                        01010000D    109
     120       0       0       1       0                               0D    110
     126     115       0       0       0                        01010500D    111
     126       0       0       2       0                               0D    112
     124     117       0       0       0                        00000000D    113
     124       0       0       3       0                               0D    114
     100     120       0       0       0             113        01010000D    115
     100       0       0       1       0                               0D    116
     126     121       0       0       0                        01010500D    117
     126       0       0       2       0                               0D    118
     110     123       0       0       0                        01010000D    119
     110       0       0       1       0                               0D    120
     126     124       0       0       0                        01010500D    121
     126       0       0       2       0                               0D    122
     124     126       0       0       0                        00000000D    123
     124       0       0       3       0                               0D    124
     100     129       0       0       0             123        01010000D    125
     100       0       0       1       0                               0D    126
     126     130       0       0       0                        01010500D    127
     126       0       0       2       0                               0D    128
     110     132       0       0       0                        01010000D    129
     110       0       0       1       0                               0D    130
     102     133       0       0       0                        01010500D    131
     102       0       0       1       0                               0D    132
     102     134       0       0       0                        01010000D    133
     102       0       0       1       0                               0D    134
     142     135       0       0       0                        00010500D    135
     142       0       0       1       0                               0D    136
     144     136       0       0       0                        00000000D    137
     144       0      -1       1       0                               0D    138
     110     137       0       0       0                        01010000D    139
     110       0       0       1       0                               0D    140
     110     138       0       0       0                        01010000D    141
     110       0       0       1       0                               0D    142
     120     139       0       0       0                        01010000D    143
     120       0       0       1       0                               0D    144
     126     140       0       0       0                        01010500D    145
     126       0       0       2       0                               0D    146
     110     142       0       0       0                        01010000D    147
     110       0       0       1       0                               0D    148
     126     143       0       0       0                        01010500D    149
     126       0       0       2       0                               0D    150
     124     145       0       0       0                        00000000D    151
     124       0       0       3       0                               0D    152
     100     148       0       0       0             151        01010000D    153
     100       0       0       1       0                               0D    154
     126     149       0       0       0                        01010500D    155
     126       0       0       2       0                               0D    156
     110     151       0       0       0                        01010000D    157
     110       0       0       1       0                               0D    158
     126     152       0       0       0                        01010500D    159
     126       0       0       2       0                               0D    160
     124     154       0       0       0                        00000000D    161
     124       0       0       3       0                               0D    162
     100     157       0       0       0             161        01010000D    163
     100       0       0       1       0                               0D    164
     102     158       0       0       0                        01010500D    165
     102       0       0       1       0                               0D    166
     102     159       0       0       0                        01010000D    167
     102       0       0       1       0                               0D    168
     142     160       0       0       0                        00010500D    169
     142       0       0       1       0                               0D    170
     144     161       0       0       0                        00000000D    171
     144       0      -1       1       0                               0D    172
     128     162       0       0       0                        01010000D    173
     128       0       0       3       0                               0D    174
     126     165       0       0       0                        01010500D    175
     126       0       0      22       0                               0D    176
     124     187       0       0       0                        00000000D    177
     124       0       0       3       0                               0D    178
     100     190       0       0       0             177        01010000D    179
     100       0       0       1       0                               0D    180
     126     191       0       0       0                        01010500D    181
     126       0       0      22       0                               0D    182
     124     213       0       0       0                        00000000D    183
     124       0       0       3       0                               0D    184
     100     216       0       0       0             183        01010000D    185
     100       0       0       1       0                               0D    186
     102     217       0       0       0                        01010500D    187
     102       0       0       1       0                               0D    188
     102     218       0       0       0                        01010000D    189
     102       0       0       1       0                               0D    190
     142     219       0       0       0                        00010500D    191
     142       0       0       1       0                               0D    192
     144     220       0       0       0                        00000000D    193
     144       0      -1       1       0                               0D    194
     128     221       0       0       0                        01010000D    195
     128       0       0       3       0                               0D    196
     126     224       0       0       0                        01010500D    197
     126       0       0      22       0                               0D    198
     124     246       0       0       0                        00000000D    199
     124       0       0       3       0                               0D    200
     100     249       0       0       0             199        01010000D    201
     100       0       0       1       0                               0D    202
     126     250       0       0       0                        01010500D    203
     126       0       0      22       0                               0D    204
     124     272       0       0       0                        00000000D    205
     124       0       0       3       0                               0D    206
     100     275       0       0       0             205        01010000D    207
     100       0       0       1       0                               0D    208
     102     276       0       0       0                        01010500D    209
     102       0       0       1       0                               0D    210
     102     277       0       0       0                        01010000D    211
     102       0       0       1       0                               0D    212
     142     278       0       0       0                        00010500D    213
     142       0       0       1       0                               0D    214
     126     279       0       0       0                        01010500D    215
     126       0       0      22       0                               0D    216
     124     301       0       0       0                        00000000D    217
     124       0       0       3       0                               0D    218
     100     304       0       0       0             217        01010000D    219
     100       0       0       1       0                               0D    220
     126     305       0       0       0                        01010500D    221
     126       0       0      22       0                               0D    222
     124     327       0       0       0                        00000000D    223
     124       0       0       3       0                               0D    224
     100     330       0       0       0             223        01010000D    225
     100       0       0       1       0                               0D    226
     102     331       0       0       0                        01010500D    227
     102       0       0       1       0                               0D    228
     102     332       0       0       0                        01010000D    229
     102       0       0       1       0                               0D    230
     142     333       0       0       0                        00010500D    231
     142       0       0       1       0                               0D    232
     144     334       0       0       0                        00000000D    233
     144       0      -1       1       0                               0D    234
     110     335       0       0       0                        01010000D    235
     110       0       0       1       0                               0D    236
     110     336       0       0       0                        01010000D    237
     110       0       0       1       0                               0D    238
     120     337       0       0       0                        01010000D    239
     120       0       0       1       0                               0D    240
     126     338       0       0       0                        01010500D    241
     126       0       0       2       0                               0D    242
     110     340       0       0       0                        01010000D    243
     110       0       0       1       0                               0D    244
     126     341       0       0       0                        01010500D    245
     126       0       0       2       0                               0D    246
     124     343       0       0       0                        00000000D    247
     124       0       0       3       0                               0D    248
     100     346       0       0       0             247        01010000D    249
     100       0       0       1       0                               0D    250
     126     347       0       0       0                        01010500D    251
     126       0       0       2       0                               0D    252
     110     349       0       0       0                        01010000D    253
     110       0       0       1       0                               0D    254
     126     350       0       0       0                        01010500D    255
     126       0       0       2       0                               0D    256
     124     352       0       0       0                        00000000D    257
     124       0       0       3       0                               0D    258
     100     355       0       0       0             257        01010000D    259
     100       0       0       1       0                               0D    260
     102     356       0       0       0                        01010500D    261
     102       0       0       1       0                               0D    262
     102     357       0       0       0                        01010000D    263
     102       0       0       1       0                               0D    264
     142     358       0       0       0                        00010500D    265
     142       0       0       1       0                               0D    266
     144     359       0       0       0                        00000000D    267
     144       0      -1       1       0                               0D    268
     128     360       0       0       0                        01010000D    269
     128       0       0       3       0                               0D    270
     126     363       0       0       0                        01010500D    271
     126       0       0      22       0                               0D    272
     124     385       0       0       0                        00000000D    273
     124       0       0       3       0                               0D    274
     100     388       0       0       0             273        01010000D    275
     100       0       0       1       0                               0D    276
     126     389       0       0       0                        01010500D    277
     126       0       0      22       0                               0D    278
     124     411       0       0       0                        00000000D    279
     124       0       0       3       0                               0D    280
     100     414       0       0       0             279        01010000D    281
     100       0       0       1       0                               0D    282
     102     415       0       0       0                        01010500D    283
     102       0       0       1       0                               0D    284
     102     416       0       0       0                        01010000D    285
     102       0       0       1       0                               0D    286
     142     417       0       0       0                        00010500D    287
     142       0       0       1       0                               0D    288
     144     418       0       0       0                        00000000D    289
     144       0      -1       1       0                               0D    290
     128     419       0       0       0                        01010000D    291
     128       0       0      16       0                               0D    292
     126     435       0       0       0                        01010500D    293
     126       0       0       2       0                               0D    294
     124     437       0       0       0                        00000000D    295
     124       0       0       3       0                               0D    296
     100     440       0       0       0             295        01010000D    297
     100       0       0       1       0                               0D    298
     126     441       0       0       0                        01010500D    299
     126       0       0       2       0                               0D    300
     124     443       0       0       0                        00000000D    301
     124       0       0       3       0                               0D    302
     100     446       0       0       0             301        01010000D    303
     100       0       0       1       0                               0D    304
     126     447       0       0       0                        01010500D    305
     126       0       0       2       0                               0D    306
     124     449       0       0       0                        00000000D    307
     124       0       0       2       0                               0D    308
     100     451       0       0       0             307        01010000D    309
     100       0       0       1       0                               0D    310
     126     452       0       0       0                        01010500D    311
     126       0       0       2       0                               0D    312
     124     454       0       0       0                        00000000D    313
     124       0       0       3       0                               0D    314
     100     457       0       0       0             313        01010000D    315
     100       0       0       1       0                               0D    316
     102     458       0       0       0                        01010500D    317
     102       0       0       1       0                               0D    318
     102     459       0       0       0                        01010000D    319
     102       0       0       1       0                               0D    320
     142     460       0       0       0                        00010500D    321
     142       0       0       1       0                               0D    322
     144     461       0       0       0                        00000000D    323
     144       0      -1       1       0                               0D    324
     128     462       0       0       0                        01010000D    325
     128       0       0      16       0                               0D    326
     126     478       0       0       0                        01010500D    327
     126       0       0       2       0                               0D    328
     124     480       0       0       0                        00000000D    329
     124       0       0       4       0                               0D    330
     100     484       0       0       0             329        01010000D    331
     100       0       0       1       0                               0D    332
     126     485       0       0       0                        01010500D    333
     126       0       0       2       0                               0D    334
     124     487       0       0       0                        00000000D    335
     124       0       0       3       0                               0D    336
     100     490       0       0       0             335        01010000D    337
     100       0       0       1       0                               0D    338
     126     491       0       0       0                        01010500D    339
     126       0       0       2       0                               0D    340
     124     493       0       0       0                        00000000D    341
     124       0       0       2       0                               0D    342
     100     495       0       0       0             341        01010000D    343
     100       0       0       1       0                               0D    344
     126     496       0       0       0                        01010500D    345
     126       0       0       2       0                               0D    346
     124     498       0       0       0                        00000000D    347
     124       0       0       3       0                               0D    348
     100     501       0       0       0             347        01010000D    349
     100       0       0       1       0                               0D    350
     102     502       0       0       0                        01010500D    351
     102       0       0       1       0                               0D    352
     102     503       0       0       0                        01010000D    353
     102       0       0       1       0                               0D    354
     142     504       0       0       0                        00010500D    355
     142       0       0       1       0                               0D    356
     144     505       0       0       0                        00000000D    357
     144       0      -1       1       0                               0D    358
314,69.8039215686274,69.8039215686274,69.8039215686274,;               1P      1
128,3,3,3,3,0,0,0,0,0,0.,0.,0.,0.,1.,1.,1.,1.,0.,0.,0.,0.,1.,          3P      2
1.,1.,1.,1.,0.755320871117972,0.755320871117972,1.,                    3P      3
0.333333333333333,0.251773623705991,0.251773623705991,                 3P      4
0.333333333333333,0.333333333333333,0.251773623705991,                 3P      5
0.251773623705991,0.333333333333333,1.,0.755320871117972,              3P      6
0.755320871117972,1.,0.,2.798751041,9.725041646,0.,2.815805106,        3P      7
9.895013441,0.,2.695013441,10.015805106,0.,2.525041646,                3P      8
9.998751041,19.450083292,2.798751041,9.725041646,19.790026883,         3P      9
2.815805106,9.895013441,20.031610211,2.695013441,10.015805106,         3P     10
19.997502083,2.525041646,9.998751041,19.450083292,2.798751041,         3P     11
-9.725041646,19.790026883,2.815805106,-9.895013441,                    3P     12
20.031610211,2.695013441,-10.015805106,19.997502083,                   3P     13
2.525041646,-9.998751041,0.,2.798751041,-9.725041646,0.,               3P     14
2.815805106,-9.895013441,0.,2.695013441,-10.015805106,0.,              3P     15
2.525041646,-9.998751041,0.,1.,0.,1.;                                  3P     16
126,1,1,1,0,1,0,0.,0.,1.,1.,1.,1.,0.936858543,0.,0.,                   5P     17
0.936858543,1.,0.,0.,1.,0.,0.,1.;                                      5P     18
124,1.40271576953299E-014,1.,0.,-2.55,-6.12323399573677E-017,          7P     19
8.58915688636046E-031,1.,2.55,1.,-1.40271576953299E-014,               7P     20
6.12323399573677E-017,3.57692521230912E-014;                           7P     21
100,0.,0.,2.55,10.,2.55,-10.,2.55;                                     9P     22
126,1,1,1,0,1,0,0.,0.,1.,1.,1.,1.,0.936858543,1.,0.,                  11P     23
0.063141457,1.,0.,0.,1.,0.,0.,1.;                                     11P     24
124,6.12323399573677E-017,0.,1.,9.75,0.,1.,0.,0.,-1.,0.,              13P     25
6.12323399573677E-017,-9.75;                                          13P     26
100,-9.75,0.,2.55,0.25,2.55,0.,2.8;                                   15P     27
126,1,1,1,0,1,0,0.,0.,1.,1.,1.,1.,0.063141457,1.,0.,                  17P     28
0.063141457,0.,0.,0.,1.,0.,0.,1.;                                     17P     29
124,1.40271576953299E-014,1.,0.,-2.8,-6.12323399573677E-017,          19P     30
8.58915688636046E-031,-1.,2.8,-1.,1.40271576953299E-014,              19P     31
6.12323399573677E-017,-3.92760415469237E-014;                         19P     32
100,0.,0.,2.8,9.75,2.8,-9.75,2.8;                                     21P     33
126,1,1,1,0,1,0,0.,0.,1.,1.,1.,1.,0.063141457,0.,0.,                  23P     34
0.936858543,0.,0.,0.,1.,0.,0.,1.;                                     23P     35
124,3.74939945665464E-033,-6.12323399573677E-017,1.,-9.75,1.,         25P     36
6.12323399573677E-017,0.,2.55,-6.12323399573677E-017,1.,              25P     37
6.12323399573677E-017,7.2;                                            25P     38
100,9.75,0.,2.55,0.25,2.55,0.,2.8;                                    27P     39
102,4,5,11,17,23;                                                     29P     40
102,4,9,15,21,27;                                                     31P     41
142,1,3,29,31,1;                                                      33P     42
144,3,1,0,33;                                                         35P     43
128,3,3,3,3,0,0,0,0,0,0.,0.,0.,0.,1.,1.,1.,1.,0.,0.,0.,0.,1.,         37P     44
1.,1.,1.,1.,0.755320871117972,0.755320871117972,1.,                   37P     45
0.333333333333333,0.251773623705991,0.251773623705991,                37P     46
0.333333333333333,0.333333333333333,0.251773623705991,                37P     47
0.251773623705991,0.333333333333333,1.,0.755320871117972,             37P     48
0.755320871117972,1.,0.,2.397502083,11.000083292,0.,                  37P     49
2.431610211,11.340026883,0.,2.190026883,11.581610211,0.,              37P     50
1.850083292,11.547502083,22.000166583,2.397502083,11.000083292,       37P     51
22.680053765,2.431610211,11.340026883,23.163220423,2.190026883,       37P     52
11.581610211,23.095004165,1.850083292,11.547502083,                   37P     53
22.000166583,2.397502083,-11.000083292,22.680053765,                  37P     54
2.431610211,-11.340026883,23.163220423,2.190026883,                   37P     55
-11.581610211,23.095004165,1.850083292,-11.547502083,0.,              37P     56
2.397502083,-11.000083292,0.,2.431610211,-11.340026883,0.,            37P     57
2.190026883,-11.581610211,0.,1.850083292,-11.547502083,0.,1.,         37P     58
0.,1.;                                                                37P     59
126,1,1,1,0,1,0,0.,0.,1.,1.,1.,1.,0.936858543,0.,0.,                  39P     60
0.936858543,1.,0.,0.,1.,0.,0.,1.;                                     39P     61
124,1.40271576953299E-014,1.,0.,-1.9,-6.12323399573677E-017,          41P     62
8.58915688636046E-031,1.,1.9,1.,-1.40271576953299E-014,               41P     63
6.12323399573677E-017,2.66515996211268E-014;                          41P     64
100,0.,0.,1.9,11.55,1.9,-11.55,1.9;                                   43P     65
126,1,1,1,0,1,0,0.,0.,1.,1.,1.,1.,0.936858543,1.,0.,                  45P     66
0.063141457,1.,0.,0.,1.,0.,0.,1.;                                     45P     67
124,6.12323399573677E-017,0.,1.,11.05,0.,1.,0.,0.,-1.,0.,             47P     68
6.12323399573677E-017,-11.05;                                         47P     69
100,-11.05,0.,1.9,0.5,1.9,0.,2.4;                                     49P     70
126,1,1,1,0,1,0,0.,0.,1.,1.,1.,1.,0.063141457,1.,0.,                  51P     71
0.063141457,0.,0.,0.,1.,0.,0.,1.;                                     51P     72
124,1.40271576953299E-014,1.,0.,-2.4,-6.12323399573677E-017,          53P     73
8.58915688636046E-031,-1.,2.4,-1.,1.40271576953299E-014,              53P     74
6.12323399573677E-017,-3.36651784687918E-014;                         53P     75
100,0.,0.,2.4,11.05,2.4,-11.05,2.4;                                   55P     76
126,1,1,1,0,1,0,0.,0.,1.,1.,1.,1.,0.063141457,0.,0.,                  57P     77
0.936858543,0.,0.,0.,1.,0.,0.,1.;                                     57P     78
124,3.74939945665464E-033,-6.12323399573677E-017,1.,-11.05,1.,        59P     79
6.12323399573677E-017,0.,1.9,-6.12323399573677E-017,1.,               59P     80
6.12323399573677E-017,9.15;                                           59P     81
100,11.05,0.,1.9,0.5,1.9,0.,2.4;                                      61P     82
102,4,39,45,51,57;                                                    63P     83
102,4,43,49,55,61;                                                    65P     84
142,1,37,63,65,1;                                                     67P     85
144,37,1,0,67;                                                        69P     86
110,0.,-33.144608872,0.,0.,966.855391128,0.;                          71P     87
110,0.,2.4,10.,0.,2.55,10.;                                           73P     88
120,71,73,0.,6.28318530717959;                                        75P     89
126,1,1,1,0,1,0,0.,0.,1.,1.,1.,1.,0.,0.,0.,0.,3.141592654,0.,         77P     90
0.,1.,0.,0.,1.;                                                       77P     91
124,1.40271576953299E-014,1.,0.,-2.4,-6.12323399573677E-017,          79P     92
8.58915688636046E-031,1.,2.4,1.,-1.40271576953299E-014,               79P     93
6.12323399573677E-017,3.36651784687918E-014;                          79P     94
100,0.,0.,2.4,10.,2.4,-10.,2.4;                                       81P     95
126,1,1,1,0,1,0,0.,0.,1.,1.,1.,1.,0.,3.141592654,0.,1.,               83P     96
3.141592654,0.,0.,1.,0.,0.,1.;                                        83P     97
110,0.,2.4,-10.,0.,2.55,-10.;                                         85P     98
126,1,1,1,0,1,0,0.,0.,1.,1.,1.,1.,1.,3.141592654,0.,1.,0.,0.,         87P     99
0.,1.,0.,0.,1.;                                                       87P    100
124,1.40271576953299E-014,1.,0.,-2.55,-6.12323399573677E-017,         89P    101
8.58915688636046E-031,-1.,2.55,-1.,1.40271576953299E-014,             89P    102
6.12323399573677E-017,-3.57692521230912E-014;                         89P    103
100,0.,0.,2.55,10.,2.55,-10.,2.55;                                    91P    104
126,1,1,1,0,1,0,0.,0.,1.,1.,1.,1.,1.,0.,0.,0.,0.,0.,0.,1.,0.,         93P    105
0.,1.;                                                                93P    106
110,0.,2.55,10.,0.,2.4,10.;                                           95P    107
102,4,77,83,87,93;                                                    97P    108
102,4,81,85,91,95;                                                    99P    109
142,1,75,97,99,1;                                                    101P    110
144,75,1,0,101;                                                      103P    111
110,0.,2.8,0.,0.,-997.2,0.;                                          105P    112
110,0.,1.9,-11.55,0.,0.,-11.55;                                      107P    113
120,105,107,0.,6.28318530717959;                                     109P    114
126,1,1,1,0,1,0,0.,0.,1.,1.,1.,1.,0.,0.,0.,0.,3.141592654,0.,        111P    115
0.,1.,0.,0.,1.;                                                      111P    116
124,1.40271576953299E-014,1.,0.,-1.9,-6.12323399573677E-017,         113P    117
8.58915688636046E-031,-1.,1.9,-1.,1.40271576953299E-014,             113P    118
6.12323399573677E-017,-2.66515996211268E-014;                        113P    119
100,0.,0.,1.9,11.55,1.9,-11.55,1.9;                                  115P    120
126,1,1,1,0,1,0,0.,0.,1.,1.,1.,1.,0.,3.141592654,0.,1.,              117P    121
3.141592654,0.,0.,1.,0.,0.,1.;                                       117P    122
110,0.,1.9,11.55,0.,0.,11.55;                                        119P    123
126,1,1,1,0,1,0,0.,0.,1.,1.,1.,1.,1.,3.141592654,0.,1.,0.,0.,        121P    124
0.,1.,0.,0.,1.;                                                      121P    125
124,1.40271576953299E-014,1.,0.,0.,-6.12323399573677E-017,           123P    126
8.58915688636046E-031,1.,0.,1.,-1.40271576953299E-014,               123P    127
6.12323399573677E-017,0.;                                            123P    128
100,0.,0.,0.,11.55,0.,-11.55,0.;                                     125P    129
126,1,1,1,0,1,0,0.,0.,1.,1.,1.,1.,1.,0.,0.,0.,0.,0.,0.,1.,0.,        127P    130
0.,1.;                                                               127P    131
110,0.,0.,-11.55,0.,1.9,-11.55;                                      129P    132
102,4,111,117,121,127;                                               131P    133
102,4,115,119,125,129;                                               133P    134
142,1,109,131,133,1;                                                 135P    135
144,109,1,0,135;                                                     137P    136
110,0.,2.8,0.,0.,-997.2,0.;                                          139P    137
110,0.,1.9,-11.55,0.,0.,-11.55;                                      141P    138
120,139,141,0.,6.28318530717959;                                     143P    139
126,1,1,1,0,1,0,0.,0.,1.,1.,1.,1.,1.,3.141592654,0.,0.,              145P    140
3.141592654,0.,0.,1.,0.,0.,1.;                                       145P    141
110,0.,0.,11.55,0.,1.9,11.55;                                        147P    142
126,1,1,1,0,1,0,0.,0.,1.,1.,1.,1.,0.,3.141592654,0.,0.,              149P    143
6.283185307,0.,0.,1.,0.,0.,1.;                                       149P    144
124,6.12323399573677E-017,-1.,0.,1.9,6.12323399573677E-017,          151P    145
3.74939945665464E-033,-1.,1.9,1.,6.12323399573677E-017,              151P    146
6.12323399573677E-017,-1.16341445918999E-016;                        151P    147
100,0.,0.,1.9,11.55,1.9,-11.55,1.9;                                  153P    148
126,1,1,1,0,1,0,0.,0.,1.,1.,1.,1.,0.,6.283185307,0.,1.,              155P    149
6.283185307,0.,0.,1.,0.,0.,1.;                                       155P    150
110,0.,1.9,-11.55,0.,0.,-11.55;                                      157P    151
126,1,1,1,0,1,0,0.,0.,1.,1.,1.,1.,1.,6.283185307,0.,1.,              159P    152
3.141592654,0.,0.,1.,0.,0.,1.;                                       159P    153
124,6.12323399573677E-017,-1.,0.,0.,6.12323399573677E-017,           161P    154
3.74939945665464E-033,1.,0.,-1.,-6.12323399573677E-017,              161P    155
6.12323399573677E-017,0.;                                            161P    156
100,0.,0.,0.,11.55,0.,-11.55,0.;                                     163P    157
102,4,145,149,155,159;                                               165P    158
102,4,147,153,157,163;                                               167P    159
142,1,143,165,167,1;                                                 169P    160
144,143,1,0,169;                                                     171P    161
128,1,1,1,1,0,0,1,0,0,0.,0.,1.,1.,0.,0.,1.,1.,1.,1.,1.,1.,           173P    162
-11.6886,0.,-11.6886,-11.6886,0.,11.6886,11.6886,0.,-11.6886,        173P    163
11.6886,0.,11.6886,0.,1.,0.,1.;                                      173P    164
126,32,2,1,0,1,0,0.,0.,0.,0.0625,0.0625,0.125,0.125,0.1875,          175P    165
0.1875,0.25,0.25,0.3125,0.3125,0.375,0.375,0.4375,0.4375,0.5,        175P    166
0.5,0.5625,0.5625,0.625,0.625,0.6875,0.6875,0.75,0.75,0.8125,        175P    167
0.8125,0.875,0.875,0.9375,0.9375,1.,1.,1.,1.,1.,1.,1.,1.,1.,1.,      175P    168
1.,1.,1.,1.,1.,1.,1.,1.,1.,1.,1.,1.,1.,1.,1.,1.,1.,1.,1.,1.,1.,      175P    169
1.,1.,1.,1.,1.,0.994071146,0.5,0.,0.994071146,0.548661761,0.,        175P    170
0.984577708,0.596388499,0.,0.975084269,0.644115237,0.,               175P    171
0.95646222,0.689072842,0.,0.93784017,0.734030447,0.,                 175P    172
0.910805144,0.774491222,0.,0.883770119,0.814951997,0.,               175P    173
0.849361058,0.849361058,0.,0.814951997,0.883770119,0.,               175P    174
0.774491222,0.910805144,0.,0.734030447,0.93784017,0.,                175P    175
0.689072842,0.95646222,0.,0.644115237,0.975084269,0.,                175P    176
0.596388499,0.984577708,0.,0.548661761,0.994071146,0.,0.5,           175P    177
0.994071146,0.,0.451338239,0.994071146,0.,0.403611501,               175P    178
0.984577708,0.,0.355884763,0.975084269,0.,0.310927158,               175P    179
0.95646222,0.,0.265969553,0.93784017,0.,0.225508778,                 175P    180
0.910805144,0.,0.185048003,0.883770119,0.,0.150638942,               175P    181
0.849361058,0.,0.116229881,0.814951997,0.,0.089194856,               175P    182
0.774491222,0.,0.06215983,0.734030447,0.,0.04353778,                 175P    183
0.689072842,0.,0.024915731,0.644115237,0.,0.015422292,               175P    184
0.596388499,0.,0.005928854,0.548661761,0.,0.005928854,0.5,0.,        175P    185
0.,1.,0.,0.,-1.;                                                     175P    186
124,1.40271576953299E-014,1.,0.,0.,-6.12323399573677E-017,           177P    187
8.58915688636046E-031,1.,0.,1.,-1.40271576953299E-014,               177P    188
6.12323399573677E-017,0.;                                            177P    189
100,0.,0.,0.,11.55,0.,-11.55,0.;                                     179P    190
126,32,2,1,0,1,0,0.,0.,0.,0.0625,0.0625,0.125,0.125,0.1875,          181P    191
0.1875,0.25,0.25,0.3125,0.3125,0.375,0.375,0.4375,0.4375,0.5,        181P    192
0.5,0.5625,0.5625,0.625,0.625,0.6875,0.6875,0.75,0.75,0.8125,        181P    193
0.8125,0.875,0.875,0.9375,0.9375,1.,1.,1.,1.,1.,1.,1.,1.,1.,1.,      181P    194
1.,1.,1.,1.,1.,1.,1.,1.,1.,1.,1.,1.,1.,1.,1.,1.,1.,1.,1.,1.,1.,      181P    195
1.,1.,1.,1.,1.,0.005928854,0.5,0.,0.005928854,0.451338239,0.,        181P    196
0.015422292,0.403611501,0.,0.024915731,0.355884763,0.,               181P    197
0.04353778,0.310927158,0.,0.06215983,0.265969553,0.,                 181P    198
0.089194856,0.225508778,0.,0.116229881,0.185048003,0.,               181P    199
0.150638942,0.150638942,0.,0.185048003,0.116229881,0.,               181P    200
0.225508778,0.089194856,0.,0.265969553,0.06215983,0.,                181P    201
0.310927158,0.04353778,0.,0.355884763,0.024915731,0.,                181P    202
0.403611501,0.015422292,0.,0.451338239,0.005928854,0.,0.5,           181P    203
0.005928854,0.,0.548661761,0.005928854,0.,0.596388499,               181P    204
0.015422292,0.,0.644115237,0.024915731,0.,0.689072842,               181P    205
0.04353778,0.,0.734030447,0.06215983,0.,0.774491222,                 181P    206
0.089194856,0.,0.814951997,0.116229881,0.,0.849361058,               181P    207
0.150638942,0.,0.883770119,0.185048003,0.,0.910805144,               181P    208
0.225508778,0.,0.93784017,0.265969553,0.,0.95646222,                 181P    209
0.310927158,0.,0.975084269,0.355884763,0.,0.984577708,               181P    210
0.403611501,0.,0.994071146,0.451338239,0.,0.994071146,0.5,0.,        181P    211
0.,1.,0.,0.,-1.;                                                     181P    212
124,6.12323399573677E-017,-1.,0.,0.,6.12323399573677E-017,           183P    213
3.74939945665464E-033,1.,0.,-1.,-6.12323399573677E-017,              183P    214
6.12323399573677E-017,0.;                                            183P    215
100,0.,0.,0.,11.55,0.,-11.55,0.;                                     185P    216
102,2,175,181;                                                       187P    217
102,2,179,185;                                                       189P    218
142,1,173,187,189,1;                                                 191P    219
144,173,1,0,191;                                                     193P    220
128,1,1,1,1,0,0,1,0,0,0.,0.,1.,1.,0.,0.,1.,1.,1.,1.,1.,1.,           195P    221
-11.1826,2.4,-11.1826,-11.1826,2.4,11.1826,11.1826,2.4,              195P    222
-11.1826,11.1826,2.4,11.1826,0.,1.,0.,1.;                            195P    223
126,32,2,1,0,1,0,0.,0.,0.,0.0625,0.0625,0.125,0.125,0.1875,          197P    224
0.1875,0.25,0.25,0.3125,0.3125,0.375,0.375,0.4375,0.4375,0.5,        197P    225
0.5,0.5625,0.5625,0.625,0.625,0.6875,0.6875,0.75,0.75,0.8125,        197P    226
0.8125,0.875,0.875,0.9375,0.9375,1.,1.,1.,1.,1.,1.,1.,1.,1.,1.,      197P    227
1.,1.,1.,1.,1.,1.,1.,1.,1.,1.,1.,1.,1.,1.,1.,1.,1.,1.,1.,1.,1.,      197P    228
1.,1.,1.,1.,1.,0.994071146,0.5,0.,0.994071146,0.548661761,0.,        197P    229
0.984577708,0.596388499,0.,0.975084269,0.644115237,0.,               197P    230
0.95646222,0.689072842,0.,0.93784017,0.734030447,0.,                 197P    231
0.910805144,0.774491222,0.,0.883770119,0.814951997,0.,               197P    232
0.849361058,0.849361058,0.,0.814951997,0.883770119,0.,               197P    233
0.774491222,0.910805144,0.,0.734030447,0.93784017,0.,                197P    234
0.689072842,0.95646222,0.,0.644115237,0.975084269,0.,                197P    235
0.596388499,0.984577708,0.,0.548661761,0.994071146,0.,0.5,           197P    236
0.994071146,0.,0.451338239,0.994071146,0.,0.403611501,               197P    237
0.984577708,0.,0.355884763,0.975084269,0.,0.310927158,               197P    238
0.95646222,0.,0.265969553,0.93784017,0.,0.225508778,                 197P    239
0.910805144,0.,0.185048003,0.883770119,0.,0.150638942,               197P    240
0.849361058,0.,0.116229881,0.814951997,0.,0.089194856,               197P    241
0.774491222,0.,0.06215983,0.734030447,0.,0.04353778,                 197P    242
0.689072842,0.,0.024915731,0.644115237,0.,0.015422292,               197P    243
0.596388499,0.,0.005928854,0.548661761,0.,0.005928854,0.5,0.,        197P    244
0.,1.,0.,0.,-1.;                                                     197P    245
124,1.40271576953299E-014,1.,0.,-2.4,-6.12323399573677E-017,         199P    246
8.58915688636046E-031,1.,2.4,1.,-1.40271576953299E-014,              199P    247
6.12323399573677E-017,3.36651784687918E-014;                         199P    248
100,0.,0.,2.4,11.05,2.4,-11.05,2.4;                                  201P    249
126,32,2,1,0,1,0,0.,0.,0.,0.0625,0.0625,0.125,0.125,0.1875,          203P    250
0.1875,0.25,0.25,0.3125,0.3125,0.375,0.375,0.4375,0.4375,0.5,        203P    251
0.5,0.5625,0.5625,0.625,0.625,0.6875,0.6875,0.75,0.75,0.8125,        203P    252
0.8125,0.875,0.875,0.9375,0.9375,1.,1.,1.,1.,1.,1.,1.,1.,1.,1.,      203P    253
1.,1.,1.,1.,1.,1.,1.,1.,1.,1.,1.,1.,1.,1.,1.,1.,1.,1.,1.,1.,1.,      203P    254
1.,1.,1.,1.,1.,0.005928854,0.5,0.,0.005928854,0.451338239,0.,        203P    255
0.015422292,0.403611501,0.,0.024915731,0.355884763,0.,               203P    256
0.04353778,0.310927158,0.,0.06215983,0.265969553,0.,                 203P    257
0.089194856,0.225508778,0.,0.116229881,0.185048003,0.,               203P    258
0.150638942,0.150638942,0.,0.185048003,0.116229881,0.,               203P    259
0.225508778,0.089194856,0.,0.265969553,0.06215983,0.,                203P    260
0.310927158,0.04353778,0.,0.355884763,0.024915731,0.,                203P    261
0.403611501,0.015422292,0.,0.451338239,0.005928854,0.,0.5,           203P    262
0.005928854,0.,0.548661761,0.005928854,0.,0.596388499,               203P    263
0.015422292,0.,0.644115237,0.024915731,0.,0.689072842,               203P    264
0.04353778,0.,0.734030447,0.06215983,0.,0.774491222,                 203P    265
0.089194856,0.,0.814951997,0.116229881,0.,0.849361058,               203P    266
0.150638942,0.,0.883770119,0.185048003,0.,0.910805144,               203P    267
0.225508778,0.,0.93784017,0.265969553,0.,0.95646222,                 203P    268
0.310927158,0.,0.975084269,0.355884763,0.,0.984577708,               203P    269
0.403611501,0.,0.994071146,0.451338239,0.,0.994071146,0.5,0.,        203P    270
0.,1.,0.,0.,-1.;                                                     203P    271
124,6.12323399573677E-017,-1.,0.,2.4,6.12323399573677E-017,          205P    272
3.74939945665464E-033,1.,2.4,-1.,-6.12323399573677E-017,             205P    273
6.12323399573677E-017,1.46957615897682E-016;                         205P    274
100,0.,0.,2.4,11.05,2.4,-11.05,2.4;                                  207P    275
102,2,197,203;                                                       209P    276
102,2,201,207;                                                       211P    277
142,1,195,209,211,1;                                                 213P    278
126,32,2,1,0,1,0,0.,0.,0.,0.0625,0.0625,0.125,0.125,0.1875,          215P    279
0.1875,0.25,0.25,0.3125,0.3125,0.375,0.375,0.4375,0.4375,0.5,        215P    280
0.5,0.5625,0.5625,0.625,0.625,0.6875,0.6875,0.75,0.75,0.8125,        215P    281
0.8125,0.875,0.875,0.9375,0.9375,1.,1.,1.,1.,1.,1.,1.,1.,1.,1.,      215P    282
1.,1.,1.,1.,1.,1.,1.,1.,1.,1.,1.,1.,1.,1.,1.,1.,1.,1.,1.,1.,1.,      215P    283
1.,1.,1.,1.,1.,0.947123209,0.5,0.,0.947123209,0.455962208,0.,        215P    284
0.938531862,0.412770589,0.,0.929940515,0.369578971,0.,               215P    285
0.913087982,0.328893356,0.,0.896235448,0.288207741,0.,               215P    286
0.871769361,0.251591654,0.,0.847303275,0.214975568,0.,               215P    287
0.816163853,0.183836147,0.,0.785024432,0.152696725,0.,               215P    288
0.748408346,0.128230639,0.,0.711792259,0.103764552,0.,               215P    289
0.671106644,0.086912018,0.,0.630421029,0.070059485,0.,               215P    290
0.587229411,0.061468138,0.,0.544037792,0.052876791,0.,0.5,           215P    291
0.052876791,0.,0.455962208,0.052876791,0.,0.412770589,               215P    292
0.061468138,0.,0.369578971,0.070059485,0.,0.328893356,               215P    293
0.086912018,0.,0.288207741,0.103764552,0.,0.251591654,               215P    294
0.128230639,0.,0.214975568,0.152696725,0.,0.183836147,               215P    295
0.183836147,0.,0.152696725,0.214975568,0.,0.128230639,               215P    296
0.251591654,0.,0.103764552,0.288207741,0.,0.086912018,               215P    297
0.328893356,0.,0.070059485,0.369578971,0.,0.061468138,               215P    298
0.412770589,0.,0.052876791,0.455962208,0.,0.052876791,0.5,0.,        215P    299
0.,1.,0.,0.,1.;                                                      215P    300
124,6.12323399573677E-017,-1.,0.,2.4,6.12323399573677E-017,          217P    301
3.74939945665464E-033,-1.,2.4,1.,6.12323399573677E-017,              217P    302
6.12323399573677E-017,-1.46957615897682E-016;                        217P    303
100,0.,0.,2.4,10.,2.4,-10.,2.4;                                      219P    304
126,32,2,1,0,1,0,0.,0.,0.,0.0625,0.0625,0.125,0.125,0.1875,          221P    305
0.1875,0.25,0.25,0.3125,0.3125,0.375,0.375,0.4375,0.4375,0.5,        221P    306
0.5,0.5625,0.5625,0.625,0.625,0.6875,0.6875,0.75,0.75,0.8125,        221P    307
0.8125,0.875,0.875,0.9375,0.9375,1.,1.,1.,1.,1.,1.,1.,1.,1.,1.,      221P    308
1.,1.,1.,1.,1.,1.,1.,1.,1.,1.,1.,1.,1.,1.,1.,1.,1.,1.,1.,1.,1.,      221P    309
1.,1.,1.,1.,1.,0.052876791,0.5,0.,0.052876791,0.544037792,0.,        221P    310
0.061468138,0.587229411,0.,0.070059485,0.630421029,0.,               221P    311
0.086912018,0.671106644,0.,0.103764552,0.711792259,0.,               221P    312
0.128230639,0.748408346,0.,0.152696725,0.785024432,0.,               221P    313
0.183836147,0.816163853,0.,0.214975568,0.847303275,0.,               221P    314
0.251591654,0.871769361,0.,0.288207741,0.896235448,0.,               221P    315
0.328893356,0.913087982,0.,0.369578971,0.929940515,0.,               221P    316
0.412770589,0.938531862,0.,0.455962208,0.947123209,0.,0.5,           221P    317
0.947123209,0.,0.544037792,0.947123209,0.,0.587229411,               221P    318
0.938531862,0.,0.630421029,0.929940515,0.,0.671106644,               221P    319
0.913087982,0.,0.711792259,0.896235448,0.,0.748408346,               221P    320
0.871769361,0.,0.785024432,0.847303275,0.,0.816163853,               221P    321
0.816163853,0.,0.847303275,0.785024432,0.,0.871769361,               221P    322
0.748408346,0.,0.896235448,0.711792259,0.,0.913087982,               221P    323
0.671106644,0.,0.929940515,0.630421029,0.,0.938531862,               221P    324
0.587229411,0.,0.947123209,0.544037792,0.,0.947123209,0.5,0.,        221P    325
0.,1.,0.,0.,1.;                                                      221P    326
124,1.40271576953299E-014,1.,0.,-2.4,-6.12323399573677E-017,         223P    327
8.58915688636046E-031,-1.,2.4,-1.,1.40271576953299E-014,             223P    328
6.12323399573677E-017,-3.36651784687918E-014;                        223P    329
100,0.,0.,2.4,10.,2.4,-10.,2.4;                                      225P    330
102,2,215,221;                                                       227P    331
102,2,219,225;                                                       229P    332
142,1,195,227,229,1;                                                 231P    333
144,195,1,1,213,231;                                                 233P    334
110,0.,-33.144608872,0.,0.,966.855391128,0.;                         235P    335
110,0.,2.4,10.,0.,2.55,10.;                                          237P    336
120,235,237,0.,6.28318530717959;                                     239P    337
126,1,1,1,0,1,0,0.,0.,1.,1.,1.,1.,1.,3.141592654,0.,0.,              241P    338
3.141592654,0.,0.,1.,0.,0.,1.;                                       241P    339
110,0.,2.55,-10.,0.,2.4,-10.;                                        243P    340
126,1,1,1,0,1,0,0.,0.,1.,1.,1.,1.,0.,3.141592654,0.,0.,              245P    341
6.283185307,0.,0.,1.,0.,0.,1.;                                       245P    342
124,6.12323399573677E-017,-1.,0.,2.4,6.12323399573677E-017,          247P    343
3.74939945665464E-033,1.,2.4,-1.,-6.12323399573677E-017,             247P    344
6.12323399573677E-017,1.46957615897682E-016;                         247P    345
100,0.,0.,2.4,10.,2.4,-10.,2.4;                                      249P    346
126,1,1,1,0,1,0,0.,0.,1.,1.,1.,1.,0.,6.283185307,0.,1.,              251P    347
6.283185307,0.,0.,1.,0.,0.,1.;                                       251P    348
110,0.,2.4,10.,0.,2.55,10.;                                          253P    349
126,1,1,1,0,1,0,0.,0.,1.,1.,1.,1.,1.,6.283185307,0.,1.,              255P    350
3.141592654,0.,0.,1.,0.,0.,1.;                                       255P    351
124,6.12323399573677E-017,-1.,0.,2.55,6.12323399573677E-017,         257P    352
3.74939945665464E-033,-1.,2.55,1.,6.12323399573677E-017,             257P    353
6.12323399573677E-017,-1.56142466891287E-016;                        257P    354
100,0.,0.,2.55,10.,2.55,-10.,2.55;                                   259P    355
102,4,241,245,251,255;                                               261P    356
102,4,243,249,253,259;                                               263P    357
142,1,239,261,263,1;                                                 265P    358
144,239,1,0,265;                                                     267P    359
128,1,1,1,1,0,0,1,0,0,0.,0.,1.,1.,0.,0.,1.,1.,1.,1.,1.,1.,           269P    360
-9.867,2.8,-9.867,-9.867,2.8,9.867,9.867,2.8,-9.867,9.867,2.8,       269P    361
9.867,0.,1.,0.,1.;                                                   269P    362
126,32,2,1,0,1,0,0.,0.,0.,0.0625,0.0625,0.125,0.125,0.1875,          271P    363
0.1875,0.25,0.25,0.3125,0.3125,0.375,0.375,0.4375,0.4375,0.5,        271P    364
0.5,0.5625,0.5625,0.625,0.625,0.6875,0.6875,0.75,0.75,0.8125,        271P    365
0.8125,0.875,0.875,0.9375,0.9375,1.,1.,1.,1.,1.,1.,1.,1.,1.,1.,      271P    366
1.,1.,1.,1.,1.,1.,1.,1.,1.,1.,1.,1.,1.,1.,1.,1.,1.,1.,1.,1.,1.,      271P    367
1.,1.,1.,1.,1.,0.994071146,0.5,0.,0.994071146,0.548661761,0.,        271P    368
0.984577708,0.596388499,0.,0.975084269,0.644115237,0.,               271P    369
0.95646222,0.689072842,0.,0.93784017,0.734030447,0.,                 271P    370
0.910805144,0.774491222,0.,0.883770119,0.814951997,0.,               271P    371
0.849361058,0.849361058,0.,0.814951997,0.883770119,0.,               271P    372
0.774491222,0.910805144,0.,0.734030447,0.93784017,0.,                271P    373
0.689072842,0.95646222,0.,0.644115237,0.975084269,0.,                271P    374
0.596388499,0.984577708,0.,0.548661761,0.994071146,0.,0.5,           271P    375
0.994071146,0.,0.451338239,0.994071146,0.,0.403611501,               271P    376
0.984577708,0.,0.355884763,0.975084269,0.,0.310927158,               271P    377
0.95646222,0.,0.265969553,0.93784017,0.,0.225508778,                 271P    378
0.910805144,0.,0.185048003,0.883770119,0.,0.150638942,               271P    379
0.849361058,0.,0.116229881,0.814951997,0.,0.089194856,               271P    380
0.774491222,0.,0.06215983,0.734030447,0.,0.04353778,                 271P    381
0.689072842,0.,0.024915731,0.644115237,0.,0.015422292,               271P    382
0.596388499,0.,0.005928854,0.548661761,0.,0.005928854,0.5,0.,        271P    383
0.,1.,0.,0.,-1.;                                                     271P    384
124,1.40271576953299E-014,1.,0.,-2.8,-6.12323399573677E-017,         273P    385
8.58915688636046E-031,1.,2.8,1.,-1.40271576953299E-014,              273P    386
6.12323399573677E-017,3.92760415469237E-014;                         273P    387
100,0.,0.,2.8,9.75,2.8,-9.75,2.8;                                    275P    388
126,32,2,1,0,1,0,0.,0.,0.,0.0625,0.0625,0.125,0.125,0.1875,          277P    389
0.1875,0.25,0.25,0.3125,0.3125,0.375,0.375,0.4375,0.4375,0.5,        277P    390
0.5,0.5625,0.5625,0.625,0.625,0.6875,0.6875,0.75,0.75,0.8125,        277P    391
0.8125,0.875,0.875,0.9375,0.9375,1.,1.,1.,1.,1.,1.,1.,1.,1.,1.,      277P    392
1.,1.,1.,1.,1.,1.,1.,1.,1.,1.,1.,1.,1.,1.,1.,1.,1.,1.,1.,1.,1.,      277P    393
1.,1.,1.,1.,1.,0.005928854,0.5,0.,0.005928854,0.451338239,0.,        277P    394
0.015422292,0.403611501,0.,0.024915731,0.355884763,0.,               277P    395
0.04353778,0.310927158,0.,0.06215983,0.265969553,0.,                 277P    396
0.089194856,0.225508778,0.,0.116229881,0.185048003,0.,               277P    397
0.150638942,0.150638942,0.,0.185048003,0.116229881,0.,               277P    398
0.225508778,0.089194856,0.,0.265969553,0.06215983,0.,                277P    399
0.310927158,0.04353778,0.,0.355884763,0.024915731,0.,                277P    400
0.403611501,0.015422292,0.,0.451338239,0.005928854,0.,0.5,           277P    401
0.005928854,0.,0.548661761,0.005928854,0.,0.596388499,               277P    402
0.015422292,0.,0.644115237,0.024915731,0.,0.689072842,               277P    403
0.04353778,0.,0.734030447,0.06215983,0.,0.774491222,                 277P    404
0.089194856,0.,0.814951997,0.116229881,0.,0.849361058,               277P    405
0.150638942,0.,0.883770119,0.185048003,0.,0.910805144,               277P    406
0.225508778,0.,0.93784017,0.265969553,0.,0.95646222,                 277P    407
0.310927158,0.,0.975084269,0.355884763,0.,0.984577708,               277P    408
0.403611501,0.,0.994071146,0.451338239,0.,0.994071146,0.5,0.,        277P    409
0.,1.,0.,0.,-1.;                                                     277P    410
124,6.12323399573677E-017,-1.,0.,2.8,6.12323399573677E-017,          279P    411
3.74939945665464E-033,1.,2.8,-1.,-6.12323399573677E-017,             279P    412
6.12323399573677E-017,1.71450551880629E-016;                         279P    413
100,0.,0.,2.8,9.75,2.8,-9.75,2.8;                                    281P    414
102,2,271,277;                                                       283P    415
102,2,275,281;                                                       285P    416
142,1,269,283,285,1;                                                 287P    417
144,269,1,0,287;                                                     289P    418
128,3,3,3,3,0,0,0,0,0,0.,0.,0.,0.,1.,1.,1.,1.,0.,0.,0.,0.,1.,        291P    419
1.,1.,1.,1.,0.755320871117972,0.755320871117972,1.,                  291P    420
0.333333333333333,0.251773623705991,0.251773623705991,               291P    421
0.333333333333333,0.333333333333333,0.251773623705991,               291P    422
0.251773623705991,0.333333333333333,1.,0.755320871117972,            291P    423
0.755320871117972,1.,0.,2.397502083,-11.000083292,0.,                291P    424
2.431610211,-11.340026883,0.,2.190026883,-11.581610211,0.,           291P    425
1.850083292,-11.547502083,-22.000166583,2.397502083,                 291P    426
-11.000083292,-22.680053765,2.431610211,-11.340026883,               291P    427
-23.163220423,2.190026883,-11.581610211,-23.095004165,               291P    428
1.850083292,-11.547502083,-22.000166583,2.397502083,                 291P    429
11.000083292,-22.680053765,2.431610211,11.340026883,                 291P    430
-23.163220423,2.190026883,11.581610211,-23.095004165,                291P    431
1.850083292,11.547502083,0.,2.397502083,11.000083292,0.,             291P    432
2.431610211,11.340026883,0.,2.190026883,11.581610211,0.,             291P    433
1.850083292,11.547502083,0.,1.,0.,1.;                                291P    434
126,1,1,1,0,1,0,0.,0.,1.,1.,1.,1.,0.063141457,0.,0.,                 293P    435
0.936858543,0.,0.,0.,1.,0.,0.,1.;                                    293P    436
124,-4.3133254404635E-031,7.04419501764363E-015,-1.,-11.05,1.,       295P    437
6.12323399573677E-017,0.,1.9,6.12323399573677E-017,-1.,              295P    438
-7.04419501764363E-015,-9.15000000000008;                            295P    439
100,-11.05,0.,1.9,0.5,1.9,0.,2.4;                                    297P    440
126,1,1,1,0,1,0,0.,0.,1.,1.,1.,1.,0.936858543,0.,0.,                 299P    441
0.936858543,1.,0.,0.,1.,0.,0.,1.;                                    299P    442
124,6.12323399573677E-017,-1.,0.,1.9,6.12323399573677E-017,          301P    443
3.74939945665464E-033,1.,1.9,-1.,-6.12323399573677E-017,             301P    444
6.12323399573677E-017,1.16341445918999E-016;                         301P    445
100,0.,0.,1.9,11.55,1.9,-11.55,1.9;                                  303P    446
126,1,1,1,0,1,0,0.,0.,1.,1.,1.,1.,0.936858543,1.,0.,                 305P    447
0.063141457,1.,0.,0.,1.,0.,0.,1.;                                    305P    448
124,6.12323399573677E-017,0.,-1.,11.05,0.,1.,0.,0.,1.,0.,            307P    449
6.12323399573677E-017,11.05;                                         307P    450
100,11.05,0.,1.9,0.5,1.9,0.,2.4;                                     309P    451
126,1,1,1,0,1,0,0.,0.,1.,1.,1.,1.,0.063141457,1.,0.,                 311P    452
0.063141457,0.,0.,0.,1.,0.,0.,1.;                                    311P    453
124,6.12323399573677E-017,-1.,0.,2.4,6.12323399573677E-017,          313P    454
3.74939945665464E-033,-1.,2.4,1.,6.12323399573677E-017,              313P    455
6.12323399573677E-017,-1.46957615897682E-016;                        313P    456
100,0.,0.,2.4,11.05,2.4,-11.05,2.4;                                  315P    457
102,4,293,299,305,311;                                               317P    458
102,4,297,303,309,315;                                               319P    459
142,1,291,317,319,1;                                                 321P    460
144,291,1,0,321;                                                     323P    461
128,3,3,3,3,0,0,0,0,0,0.,0.,0.,0.,1.,1.,1.,1.,0.,0.,0.,0.,1.,        325P    462
1.,1.,1.,1.,0.755320871117972,0.755320871117972,1.,                  325P    463
0.333333333333333,0.251773623705991,0.251773623705991,               325P    464
0.333333333333333,0.333333333333333,0.251773623705991,               325P    465
0.251773623705991,0.333333333333333,1.,0.755320871117972,            325P    466
0.755320871117972,1.,0.,2.798751041,-9.725041646,0.,                 325P    467
2.815805106,-9.895013441,0.,2.695013441,-10.015805106,0.,            325P    468
2.525041646,-9.998751041,-19.450083292,2.798751041,                  325P    469
-9.725041646,-19.790026883,2.815805106,-9.895013441,                 325P    470
-20.031610211,2.695013441,-10.015805106,-19.997502083,               325P    471
2.525041646,-9.998751041,-19.450083292,2.798751041,9.725041646,      325P    472
-19.790026883,2.815805106,9.895013441,-20.031610211,                 325P    473
2.695013441,10.015805106,-19.997502083,2.525041646,9.998751041,      325P    474
0.,2.798751041,9.725041646,0.,2.815805106,9.895013441,0.,            325P    475
2.695013441,10.015805106,0.,2.525041646,9.998751041,0.,1.,0.,        325P    476
1.;                                                                  325P    477
126,1,1,1,0,1,0,0.,0.,1.,1.,1.,1.,0.063141457,0.,0.,                 327P    478
0.936858543,0.,0.,0.,1.,0.,0.,1.;                                    327P    479
124,-4.3133254404635E-031,7.04419501764363E-015,-1.,                 329P    480
-9.75000000000002,1.,6.12323399573677E-017,0.,2.55,                  329P    481
6.12323399573677E-017,-1.,-7.04419501764363E-015,                    329P    482
-7.20000000000007;                                                   329P    483
100,-9.75,0.,2.55,0.25,2.55,0.,2.8;                                  331P    484
126,1,1,1,0,1,0,0.,0.,1.,1.,1.,1.,0.936858543,0.,0.,                 333P    485
0.936858543,1.,0.,0.,1.,0.,0.,1.;                                    333P    486
124,6.12323399573677E-017,-1.,0.,2.55,6.12323399573677E-017,         335P    487
3.74939945665464E-033,1.,2.55,-1.,-6.12323399573677E-017,            335P    488
6.12323399573677E-017,1.56142466891287E-016;                         335P    489
100,0.,0.,2.55,10.,2.55,-10.,2.55;                                   337P    490
126,1,1,1,0,1,0,0.,0.,1.,1.,1.,1.,0.936858543,1.,0.,                 339P    491
0.063141457,1.,0.,0.,1.,0.,0.,1.;                                    339P    492
124,6.12323399573677E-017,0.,-1.,9.75,0.,1.,0.,0.,1.,0.,             341P    493
6.12323399573677E-017,9.75;                                          341P    494
100,9.75,0.,2.55,0.25,2.55,0.,2.8;                                   343P    495
126,1,1,1,0,1,0,0.,0.,1.,1.,1.,1.,0.063141457,1.,0.,                 345P    496
0.063141457,0.,0.,0.,1.,0.,0.,1.;                                    345P    497
124,6.12323399573677E-017,-1.,0.,2.8,6.12323399573677E-017,          347P    498
3.74939945665464E-033,-1.,2.8,1.,6.12323399573677E-017,              347P    499
6.12323399573677E-017,-1.71450551880629E-016;                        347P    500
100,0.,0.,2.8,9.75,2.8,-9.75,2.8;                                    349P    501
102,4,327,333,339,345;                                               351P    502
102,4,331,337,343,349;                                               353P    503
142,1,325,351,353,1;                                                 355P    504
144,325,1,0,355;                                                     357P    505
S      1G      4D    358P    505                                        T      1
